-1.384505564374368980e+01,-5.218968007583195401e-03,1.992518549335199813e-05,5.349999999999999895e-02
-1.384467868382508016e+01,-5.228454356616328916e-03,1.992623732250734772e-05,5.349999999999999895e-02
-1.384606265685728843e+01,-5.239987219010537774e-03,1.989652244263573030e-05,5.349999999999999895e-02
-1.384401868611148068e+01,-5.230213574855343064e-03,1.993009958013580114e-05,5.349999999999999895e-02
-1.384386751973241836e+01,-5.203167520508290844e-03,1.995522899274805047e-05,5.349999999999999895e-02
-1.384505771093845006e+01,-5.234888642836913082e-03,1.991294045481934510e-05,5.349999999999999895e-02
-1.384659530906882452e+01,-5.258876206823306747e-03,1.986909378462011744e-05,5.349999999999999895e-02
-1.384737773212696510e+01,-5.257348747340716451e-03,1.985455139043050670e-05,5.349999999999999895e-02
-1.384455703754707123e+01,-5.244676678946501650e-03,1.991242054865870759e-05,5.349999999999999895e-02
-1.384518225751540932e+01,-5.224714889286934116e-03,1.991140838651961849e-05,5.349999999999999895e-02
-1.384462892512779142e+01,-5.226034190250431789e-03,1.992687392068818463e-05,5.349999999999999895e-02
-1.384460031525270018e+01,-5.199881494081432833e-03,1.994057405645967466e-05,5.349999999999999895e-02
-1.384624450436123588e+01,-5.251300676264746871e-03,1.987963249070690079e-05,5.349999999999999895e-02
-1.384726527089634551e+01,-5.265322011094076410e-03,1.986308410472560439e-05,5.349999999999999895e-02
-1.384601852905029595e+01,-5.244241592227413991e-03,1.988346893617731645e-05,5.349999999999999895e-02
-1.384431235914950342e+01,-5.215577022300164206e-03,1.993638361177454152e-05,5.349999999999999895e-02
-1.384661846871413715e+01,-5.238448984862930508e-03,1.988687331020626785e-05,5.349999999999999895e-02
-1.384739557892373263e+01,-5.275640717078207420e-03,1.984774553189348151e-05,5.349999999999999895e-02
-1.384559084664757123e+01,-5.241237938986168486e-03,1.990243743521065008e-05,5.349999999999999895e-02
-1.384641106618450479e+01,-5.248292940240364621e-03,1.988604740834869284e-05,5.349999999999999895e-02
-1.384508805855317526e+01,-5.232927852914784003e-03,1.991288139129210980e-05,5.349999999999999895e-02
-1.384590535566335667e+01,-5.236262711562439387e-03,1.989492780429317795e-05,5.349999999999999895e-02
-1.384505863589484775e+01,-5.202935450398977341e-03,1.993499098694442040e-05,5.349999999999999895e-02
-1.384450253680677356e+01,-5.248512757284814166e-03,1.991407673783780055e-05,5.349999999999999895e-02
-1.384456640123283222e+01,-5.255627303261736598e-03,1.990487643014333835e-05,5.349999999999999895e-02
-1.384716202815905284e+01,-5.232746154193595317e-03,1.988192100052938639e-05,5.349999999999999895e-02
-1.384662229350140983e+01,-5.243552925099405349e-03,1.988124287358704413e-05,5.349999999999999895e-02
-1.384570185843067591e+01,-5.210518634426296140e-03,1.992059160899014547e-05,5.349999999999999895e-02
-1.384514372048032982e+01,-5.250159662312459119e-03,1.990537616413277450e-05,5.349999999999999895e-02
-1.384657145014876356e+01,-5.227754295926012248e-03,1.989825610829758909e-05,5.349999999999999895e-02
-1.384646159350956829e+01,-5.235810498307331626e-03,1.988990677706747406e-05,5.349999999999999895e-02
-1.384390496720629038e+01,-5.207821305226100102e-03,1.995122927040762377e-05,5.349999999999999895e-02
-1.384577122963035478e+01,-5.272983326245307863e-03,1.987315917229191494e-05,5.349999999999999895e-02
-1.384876114345678744e+01,-5.265076959827376911e-03,1.983213834190771215e-05,5.349999999999999895e-02
-1.384601248320409894e+01,-5.270671024135095174e-03,1.987627750363043730e-05,5.349999999999999895e-02
-1.384436868076382687e+01,-5.204743037522359742e-03,1.994018360219917103e-05,5.349999999999999895e-02
-1.384503880082223404e+01,-5.238469646116854402e-03,1.990907055432555056e-05,5.349999999999999895e-02
-1.384433983678185598e+01,-5.196066904982411978e-03,1.995368836352076633e-05,5.349999999999999895e-02
-1.384508166253947614e+01,-5.240847591672263134e-03,1.990424889819490236e-05,5.349999999999999895e-02
-1.384429435844187140e+01,-5.217868680858001561e-03,1.993211008620026536e-05,5.349999999999999895e-02
-1.384598505661387691e+01,-5.198608426676502685e-03,1.992023140259626172e-05,5.349999999999999895e-02
-1.384658434433763574e+01,-5.215565206331384401e-03,1.989925201216050956e-05,5.349999999999999895e-02
-1.384574108957533412e+01,-5.243320271280526787e-03,1.989179794925460110e-05,5.349999999999999895e-02
-1.384545063186117275e+01,-5.248219426249155911e-03,1.989849054918794185e-05,5.349999999999999895e-02
-1.384587119443498437e+01,-5.273393737650733382e-03,1.987214504216676595e-05,5.349999999999999895e-02
-1.384580184518863888e+01,-5.229336369955535184e-03,1.990279045291448127e-05,5.349999999999999895e-02
-1.384609227994066849e+01,-5.223620401413871760e-03,1.990253412580020605e-05,5.349999999999999895e-02
-1.384620360771398850e+01,-5.208976589111801586e-03,1.990766275735136398e-05,5.349999999999999895e-02
-1.384530218677886815e+01,-5.221459112019362879e-03,1.991279769080222834e-05,5.349999999999999895e-02
-1.384514585478715532e+01,-5.247268549193486072e-03,1.990317548153679164e-05,5.349999999999999895e-02
-1.384591051126195360e+01,-5.242162515327561736e-03,1.989736792801192621e-05,5.349999999999999895e-02
-1.384728869280200136e+01,-5.220514422415994428e-03,1.988490722426183814e-05,5.349999999999999895e-02
-1.384429530979888412e+01,-5.243662331766523604e-03,1.991468755088854353e-05,5.349999999999999895e-02
-1.384597902638568812e+01,-5.241164431336377619e-03,1.989216368922451349e-05,5.349999999999999895e-02
-1.384577781147367581e+01,-5.210605715639904205e-03,1.992195231283448397e-05,5.349999999999999895e-02
-1.384488704443447382e+01,-5.228189226337144613e-03,1.992312869608516303e-05,5.349999999999999895e-02
-1.384544988354094386e+01,-5.261605057494257547e-03,1.988782006316551788e-05,5.349999999999999895e-02
-1.384534897630903849e+01,-5.240628975337114671e-03,1.990323366885872288e-05,5.349999999999999895e-02
-1.384746925495668179e+01,-5.229548600691229926e-03,1.987378731875377223e-05,5.349999999999999895e-02
-1.384488655958426584e+01,-5.216492556668969258e-03,1.992767201468079779e-05,5.349999999999999895e-02
-1.384541504507821941e+01,-5.202380955516824022e-03,1.993540800936264562e-05,5.349999999999999895e-02
-1.384606586770334857e+01,-5.229541875970892921e-03,1.989942986535818379e-05,5.349999999999999895e-02
-1.384455896638064765e+01,-5.222978718290396428e-03,1.992401373517647308e-05,5.349999999999999895e-02
-1.384705648766919595e+01,-5.225251381912958924e-03,1.989158391556468007e-05,5.349999999999999895e-02
-1.384528590855875940e+01,-5.214886782531663774e-03,1.992238905243725252e-05,5.349999999999999895e-02
-1.384455289287983604e+01,-5.200035350700314696e-03,1.994363121481003019e-05,5.349999999999999895e-02
-1.384584783998536039e+01,-5.241430611810188496e-03,1.989724898530786850e-05,5.349999999999999895e-02
-1.384504741566921737e+01,-5.223136971832667043e-03,1.992071803686184026e-05,5.349999999999999895e-02
-1.384507152946651765e+01,-5.216557172822573231e-03,1.992354950121885533e-05,5.349999999999999895e-02
-1.384707460757726949e+01,-5.230212257539215356e-03,1.988168640274358499e-05,5.349999999999999895e-02
-1.384452317550299938e+01,-5.204210996063609110e-03,1.994574538269331846e-05,5.349999999999999895e-02
-1.384547226115224206e+01,-5.235353972364110986e-03,1.990341980360811781e-05,5.349999999999999895e-02
-1.384439698969513088e+01,-5.215396845335196555e-03,1.994346931815648639e-05,5.349999999999999895e-02
-1.384640170902394374e+01,-5.267871010212480526e-03,1.987047357821584542e-05,5.349999999999999895e-02
-1.384619679758412758e+01,-5.244746857584551766e-03,1.988589807700221686e-05,5.349999999999999895e-02
-1.384576374561138401e+01,-5.251066517191268525e-03,1.989213859741375677e-05,5.349999999999999895e-02
-1.384555541608656881e+01,-5.226469529862408370e-03,1.990457848706111128e-05,5.349999999999999895e-02
-1.384581864169951082e+01,-5.228184674481622767e-03,1.989998946960308139e-05,5.349999999999999895e-02
-1.384718892038546478e+01,-5.268444128101517840e-03,1.986270626708569218e-05,5.349999999999999895e-02
-1.384628443949761412e+01,-5.230688564632320764e-03,1.989333496205068492e-05,5.349999999999999895e-02
-1.384732587534216286e+01,-5.228133276883058407e-03,1.988070358476899788e-05,5.349999999999999895e-02
-1.384645966356182711e+01,-5.254701642073747979e-03,1.987230058107413208e-05,5.349999999999999895e-02
-1.384396078347847769e+01,-5.254481932248358453e-03,1.991673209225757106e-05,5.349999999999999895e-02
-1.384629413432294065e+01,-5.227960710154673160e-03,1.989486736911481150e-05,5.349999999999999895e-02
-1.384439444831462040e+01,-5.236412166289334050e-03,1.992702179272404231e-05,5.349999999999999895e-02
-1.384518805625756777e+01,-5.228067796191219162e-03,1.991503196227386652e-05,5.349999999999999895e-02
-1.384544503610218413e+01,-5.238035871163082904e-03,1.990382809480254717e-05,5.349999999999999895e-02
-1.384533610851414842e+01,-5.214295134370346314e-03,1.992200078991486272e-05,5.349999999999999895e-02
-1.384544628850850856e+01,-5.225733352437126993e-03,1.991811964760013443e-05,5.349999999999999895e-02
-1.384587607462771430e+01,-5.231250619102315209e-03,1.990345451443769926e-05,5.349999999999999895e-02
-1.384490252095520724e+01,-5.225301631489241878e-03,1.991898504134606595e-05,5.349999999999999895e-02
-1.384602988705805160e+01,-5.229981364794531254e-03,1.990255958781797112e-05,5.349999999999999895e-02
-1.384651749755591155e+01,-5.231787911030048172e-03,1.989468063488840217e-05,5.349999999999999895e-02
-1.384518299394833640e+01,-5.233621886013254884e-03,1.991464086477801658e-05,5.349999999999999895e-02
-1.384646185298806387e+01,-5.214009273134335813e-03,1.990529387548324727e-05,5.349999999999999895e-02
-1.384527270185723680e+01,-5.224087054977645354e-03,1.990877782633268712e-05,5.349999999999999895e-02
-1.384545859767073317e+01,-5.230871065022658917e-03,1.990169666447557696e-05,5.349999999999999895e-02
-1.384712128821905353e+01,-5.276647077742094641e-03,1.985072015643113999e-05,5.349999999999999895e-02
-1.384545670320732924e+01,-5.210186298185186943e-03,1.992013156980039249e-05,5.349999999999999895e-02
-1.384415012026087233e+01,-5.229751260177406026e-03,1.992816162101832943e-05,5.349999999999999895e-02
-1.384606071303832309e+01,-5.254329368872347021e-03,1.987995337709688024e-05,5.349999999999999895e-02
-1.384426877843760373e+01,-5.229197901856437285e-03,1.993235992256480330e-05,5.349999999999999895e-02
-1.384659989103562516e+01,-5.248771529156999634e-03,1.988211334741466583e-05,5.349999999999999895e-02
-1.384660747431105854e+01,-5.224736837832942571e-03,1.989531394980856876e-05,5.349999999999999895e-02
-1.384673849610634910e+01,-5.234163907096165552e-03,1.988797096465730701e-05,5.349999999999999895e-02
-1.384600427729426997e+01,-5.208253775847340727e-03,1.991632337869141616e-05,5.349999999999999895e-02
-1.384676158914459876e+01,-5.247848658005048288e-03,1.987098044724831607e-05,5.349999999999999895e-02
-1.384508632903194503e+01,-5.183547417993223522e-03,1.994966790359888100e-05,5.349999999999999895e-02
-1.384540580857041370e+01,-5.222424143815833190e-03,1.991739919342389427e-05,5.349999999999999895e-02
-1.384415354534854714e+01,-5.236847836987142991e-03,1.992690831998398119e-05,5.349999999999999895e-02
-1.384497865537167982e+01,-5.210394341338036965e-03,1.992922169192089564e-05,5.349999999999999895e-02
-1.384652996709054662e+01,-5.229071613960145810e-03,1.989650715431365578e-05,5.349999999999999895e-02
-1.384514567633742388e+01,-5.245984397047516803e-03,1.990266880484707865e-05,5.349999999999999895e-02
-1.384667371458913365e+01,-5.219414549426724947e-03,1.989453658610458253e-05,5.349999999999999895e-02
-1.384494285455065921e+01,-5.207655407037854213e-03,1.993474176241532777e-05,5.349999999999999895e-02
-1.384475860429728655e+01,-5.235188038881899431e-03,1.992064070542577897e-05,5.349999999999999895e-02
-1.384466148647412176e+01,-5.238965801249806029e-03,1.991701042279086446e-05,5.349999999999999895e-02
-1.384671217534454790e+01,-5.239782618290402504e-03,1.987910778237543595e-05,5.349999999999999895e-02
-1.384766316663207952e+01,-5.223022308499648478e-03,1.987422263384724689e-05,5.349999999999999895e-02
-1.384717585701254983e+01,-5.253087071488429793e-03,1.986477679143789331e-05,5.349999999999999895e-02
-1.384542881035415363e+01,-5.218467259016084693e-03,1.991186557239573373e-05,5.349999999999999895e-02
-1.384485100668872448e+01,-5.231502356424079341e-03,1.992362827388239455e-05,5.349999999999999895e-02
-1.384542256639236513e+01,-5.222303072250886018e-03,1.991135018888977741e-05,5.349999999999999895e-02
-1.384630594716882079e+01,-5.233680154903600466e-03,1.989349528214289512e-05,5.349999999999999895e-02
-1.384656780766713879e+01,-5.236232403720428134e-03,1.988641980308315728e-05,5.349999999999999895e-02
-1.384475126672185397e+01,-5.219420838282921166e-03,1.992396288580792723e-05,5.349999999999999895e-02
-1.384463042340684247e+01,-5.220132473517062957e-03,1.992740218149733472e-05,5.349999999999999895e-02
-1.384379549923150421e+01,-5.209916850408309943e-03,1.995926773943581585e-05,5.349999999999999895e-02
-1.384476640806492576e+01,-5.205743410477331468e-03,1.993167747031523507e-05,5.349999999999999895e-02
-1.384555299438090614e+01,-5.237978775360440688e-03,1.990478970147509846e-05,5.349999999999999895e-02
-1.384550378418361483e+01,-5.194624647740400496e-03,1.993074940967735066e-05,5.349999999999999895e-02
-1.384718758837873054e+01,-5.256877840947253751e-03,1.986173880808347604e-05,5.349999999999999895e-02
-1.384450300215094209e+01,-5.221082849448050248e-03,1.992660089338804495e-05,5.349999999999999895e-02
-1.384534608251491861e+01,-5.214246805414398875e-03,1.991361063052425075e-05,5.349999999999999895e-02
-1.384696480507795080e+01,-5.242530304981422515e-03,1.987540207665876020e-05,5.349999999999999895e-02
-1.384416747518219815e+01,-5.181624351667201561e-03,1.996525279666745218e-05,5.349999999999999895e-02
-1.384462382787745938e+01,-5.216707466184869468e-03,1.993667450257231231e-05,5.349999999999999895e-02
-1.384471002290482033e+01,-5.234331797559513277e-03,1.992184104781079680e-05,5.349999999999999895e-02
-1.384577591322256040e+01,-5.224543331173434058e-03,1.991076922155989986e-05,5.349999999999999895e-02
-1.384562115699631413e+01,-5.252641433771834158e-03,1.988702579906386503e-05,5.349999999999999895e-02
-1.384496198516013621e+01,-5.222676583876114005e-03,1.992206019842996753e-05,5.349999999999999895e-02
-1.384536829306987649e+01,-5.220372578780769872e-03,1.990911039209476615e-05,5.349999999999999895e-02
-1.384661210599746184e+01,-5.229689892773747330e-03,1.988177806474894654e-05,5.349999999999999895e-02
-1.384559444777355885e+01,-5.256381825402372393e-03,1.988229375003043451e-05,5.349999999999999895e-02
-1.384471587517903401e+01,-5.217253193336973856e-03,1.993099079001351028e-05,5.349999999999999895e-02
-1.384468817212081326e+01,-5.213187241208797063e-03,1.993880617261680976e-05,5.349999999999999895e-02
-1.384488017910918423e+01,-5.222804063228863279e-03,1.992690270914202047e-05,5.349999999999999895e-02
-1.384476803941202050e+01,-5.237184739136317019e-03,1.991161772156585728e-05,5.349999999999999895e-02
-1.384548103241366412e+01,-5.261090803566141963e-03,1.988525902818012074e-05,5.349999999999999895e-02
-1.384675178914751470e+01,-5.241094383764682320e-03,1.987549716424236661e-05,5.349999999999999895e-02
-1.384559427500225048e+01,-5.220568152186667865e-03,1.991512409131421826e-05,5.349999999999999895e-02
-1.384544570523384266e+01,-5.228940432948123163e-03,1.991154950646159365e-05,5.349999999999999895e-02
-1.384374299481388704e+01,-5.209581216137204075e-03,1.994991255198201664e-05,5.349999999999999895e-02
-1.384428449218308899e+01,-5.231010902940536923e-03,1.992919454359559029e-05,5.349999999999999895e-02
-1.384573911848016969e+01,-5.257722040881531930e-03,1.988891040926059670e-05,5.349999999999999895e-02
-1.384716282675724486e+01,-5.257439792321272863e-03,1.986222344700937686e-05,5.349999999999999895e-02
-1.384439378272982957e+01,-5.241767616667830122e-03,1.991540561993976113e-05,5.349999999999999895e-02
-1.384770330018184303e+01,-5.239553039951768548e-03,1.985873985785246515e-05,5.349999999999999895e-02
-1.384481050311718953e+01,-5.216727781006070576e-03,1.993274732302148457e-05,5.349999999999999895e-02
-1.384434165487999202e+01,-5.219359721762053574e-03,1.993659456721048529e-05,5.349999999999999895e-02
-1.384574911870405600e+01,-5.217925024731425235e-03,1.990936649923899971e-05,5.349999999999999895e-02
-1.384578874939317572e+01,-5.221534651259094294e-03,1.991172152925001950e-05,5.349999999999999895e-02
-1.384717045310216221e+01,-5.243416257287830673e-03,1.987671106126887027e-05,5.349999999999999895e-02
-1.384477931182665777e+01,-5.259868124700752337e-03,1.990600429279531182e-05,5.349999999999999895e-02
-1.384594133460867660e+01,-5.232084651621223687e-03,1.990138142584773896e-05,5.349999999999999895e-02
-1.384618331437731698e+01,-5.245694361325258306e-03,1.988308667377752594e-05,5.349999999999999895e-02
-1.384868526506546260e+01,-5.261607258089690854e-03,1.983606056477952464e-05,5.349999999999999895e-02
-1.384616942764189851e+01,-5.210828058388861268e-03,1.991051656197422980e-05,5.349999999999999895e-02
-1.384548165060896174e+01,-5.240964858586897625e-03,1.990623530698704585e-05,5.349999999999999895e-02
-1.384514319993936837e+01,-5.248326016624569983e-03,1.989477585678614839e-05,5.349999999999999895e-02
-1.384375234934919696e+01,-5.209302487344735604e-03,1.995379228226781067e-05,5.349999999999999895e-02
-1.384444901787185245e+01,-5.216145986270758796e-03,1.994136894242902090e-05,5.349999999999999895e-02
-1.384479689057153173e+01,-5.214037520310381077e-03,1.992770726000459122e-05,5.349999999999999895e-02
-1.384486786343641462e+01,-5.261782088202553338e-03,1.989325304159088933e-05,5.349999999999999895e-02
-1.384438152009473910e+01,-5.213644340328320130e-03,1.994720368045535221e-05,5.349999999999999895e-02
-1.384563732120211732e+01,-5.241843431942158626e-03,1.989934043292789444e-05,5.349999999999999895e-02
-1.384552597238339722e+01,-5.218168586155441484e-03,1.991800919579366747e-05,5.349999999999999895e-02
-1.384474921881826859e+01,-5.212131896584052716e-03,1.993171187750836365e-05,5.349999999999999895e-02
-1.384568112170568632e+01,-5.223329558675746803e-03,1.991191186402242746e-05,5.349999999999999895e-02
-1.384561675973006700e+01,-5.206755422793215779e-03,1.992232552027850111e-05,5.349999999999999895e-02
-1.384630873266335449e+01,-5.237635301682617289e-03,1.989884008572141415e-05,5.349999999999999895e-02
-1.384490769244245456e+01,-5.238072697876137822e-03,1.990871392311527300e-05,5.349999999999999895e-02
-1.384680125511147608e+01,-5.253264561579365152e-03,1.987769983594847256e-05,5.349999999999999895e-02
-1.384701200438596835e+01,-5.256104912764779716e-03,1.985994439597083656e-05,5.349999999999999895e-02
-1.384518623476311383e+01,-5.215211297392655619e-03,1.992618751839975608e-05,5.349999999999999895e-02
-1.384597802233737873e+01,-5.230127916127968839e-03,1.989667177531036750e-05,5.349999999999999895e-02
-1.384633096329611845e+01,-5.252582891446325175e-03,1.987803435458624504e-05,5.349999999999999895e-02
-1.384573408282432716e+01,-5.194333471852334745e-03,1.992385328194318917e-05,5.349999999999999895e-02
-1.384699851977564400e+01,-5.238146783885392309e-03,1.987991087767936149e-05,5.349999999999999895e-02
-1.384700382676282082e+01,-5.252935288511371287e-03,1.987030237213971795e-05,5.349999999999999895e-02
-1.384510235410080448e+01,-5.249299680585330086e-03,1.990518569243737541e-05,5.349999999999999895e-02
-1.384584530487494192e+01,-5.229984153944702494e-03,1.990365058001671746e-05,5.349999999999999895e-02
-1.384561503188559328e+01,-5.238916240097292454e-03,1.989865919831440525e-05,5.349999999999999895e-02
-1.384451537157598722e+01,-5.241102311314371938e-03,1.992279372564410256e-05,5.349999999999999895e-02
-1.384492486818589185e+01,-5.223605189433798597e-03,1.992716291958971560e-05,5.349999999999999895e-02
-1.384612073852660430e+01,-5.251914537625120526e-03,1.988292311793755593e-05,5.349999999999999895e-02
-1.384655239363687684e+01,-5.253282879459806806e-03,1.987127270090350154e-05,5.349999999999999895e-02
-1.384563117168331026e+01,-5.249472573338065211e-03,1.989702915600438904e-05,5.349999999999999895e-02
-1.384435509991263835e+01,-5.211216474569590508e-03,1.993836177730158197e-05,5.349999999999999895e-02
-1.384620960015810631e+01,-5.217982085410960771e-03,1.989885526514336965e-05,5.349999999999999895e-02
-1.384566124363101736e+01,-5.219816454928457271e-03,1.990599324028739713e-05,5.349999999999999895e-02
-1.384556323569985814e+01,-5.210377383313966916e-03,1.992143703039188767e-05,5.349999999999999895e-02
-1.384528676964744776e+01,-5.215157847703392503e-03,1.992358397396311491e-05,5.349999999999999895e-02
-1.384628391397604652e+01,-5.230538920671334163e-03,1.989581566325775288e-05,5.349999999999999895e-02
-1.384568692924257860e+01,-5.235038372926872560e-03,1.989881992537616493e-05,5.349999999999999895e-02
-1.384471450928380243e+01,-5.203455669084516150e-03,1.994271080339811479e-05,5.349999999999999895e-02
-1.384572347478129117e+01,-5.224550958977648707e-03,1.990735828842624187e-05,5.349999999999999895e-02
-1.384519123476537317e+01,-5.239616021686214348e-03,1.990714367118180130e-05,5.349999999999999895e-02
-1.384675715408779872e+01,-5.209121419846705729e-03,1.990275815904557778e-05,5.349999999999999895e-02
-1.384490505827061213e+01,-5.223778886779419962e-03,1.992828208123136532e-05,5.349999999999999895e-02
-1.384675829142095083e+01,-5.220728714955990245e-03,1.988831804637847915e-05,5.349999999999999895e-02
-1.384570399761522275e+01,-5.227326280363121629e-03,1.990235465132752493e-05,5.349999999999999895e-02
-1.384726878998045052e+01,-5.244169756600062897e-03,1.986669317933943132e-05,5.349999999999999895e-02
-1.384509926159825355e+01,-5.224414415037233021e-03,1.992740904434496960e-05,5.349999999999999895e-02
-1.384511319563367593e+01,-5.249442998003729134e-03,1.990680001818804427e-05,5.349999999999999895e-02
-1.384489354914511594e+01,-5.213283048676415309e-03,1.992897678744361644e-05,5.349999999999999895e-02
-1.384664756856982315e+01,-5.249825672096259353e-03,1.987412434192451963e-05,5.349999999999999895e-02
-1.384572868520488242e+01,-5.263446292971170511e-03,1.988076130592682431e-05,5.349999999999999895e-02
-1.384768533766160736e+01,-5.254815656346112362e-03,1.985466558461962527e-05,5.349999999999999895e-02
-1.384439706119672131e+01,-5.252539689115919355e-03,1.991593839339830371e-05,5.349999999999999895e-02
-1.384554222130234891e+01,-5.236344328143304611e-03,1.990241002526217667e-05,5.349999999999999895e-02
-1.384541395092559313e+01,-5.239932859610530423e-03,1.990387636195668246e-05,5.349999999999999895e-02
-1.384662926979076580e+01,-5.231068179264929466e-03,1.988553256992180764e-05,5.349999999999999895e-02
-1.384329016076040908e+01,-5.223946271931082831e-03,1.995199580518683394e-05,5.349999999999999895e-02
-1.384403031299471820e+01,-5.211545857962806422e-03,1.995215045886070387e-05,5.349999999999999895e-02
-1.384482418016841621e+01,-5.248773563150638082e-03,1.990826829396846921e-05,5.349999999999999895e-02
-1.384647919390051740e+01,-5.240848539588842565e-03,1.988841855730378276e-05,5.349999999999999895e-02
-1.384478634119041907e+01,-5.216942327798845813e-03,1.992314516967996305e-05,5.349999999999999895e-02
-1.384483906594905278e+01,-5.225624124721535944e-03,1.992567179807294060e-05,5.349999999999999895e-02
-1.384579673310138581e+01,-5.214087997345089390e-03,1.991135089616927469e-05,5.349999999999999895e-02
-1.384521166801970971e+01,-5.220211412345683415e-03,1.991865000352389028e-05,5.349999999999999895e-02
-1.384414465411003903e+01,-5.227277821501110852e-03,1.993656882254773261e-05,5.349999999999999895e-02
-1.384496716795040783e+01,-5.232936111752128916e-03,1.991348365500651761e-05,5.349999999999999895e-02
-1.384466914235176560e+01,-5.237175769969092121e-03,1.991726575138889129e-05,5.349999999999999895e-02
-1.384497100900250466e+01,-5.224816391086697064e-03,1.992144638090980621e-05,5.349999999999999895e-02
-1.384491688723826108e+01,-5.226704747350286243e-03,1.991586209675480452e-05,5.349999999999999895e-02
-1.384640498062661962e+01,-5.248316160865242400e-03,1.988508798549402638e-05,5.349999999999999895e-02
-1.384557161406244319e+01,-5.286694426017746022e-03,1.987096024942441020e-05,5.349999999999999895e-02
-1.384485343208199559e+01,-5.219659629298291185e-03,1.992749352099889960e-05,5.349999999999999895e-02
-1.384509323397064051e+01,-5.212806392201715065e-03,1.992430422714177061e-05,5.349999999999999895e-02
-1.384412399019974771e+01,-5.215267578917512012e-03,1.993996993301025140e-05,5.349999999999999895e-02
-1.384442024312159880e+01,-5.214845867892783753e-03,1.993578336716553322e-05,5.349999999999999895e-02
-1.384400770970519368e+01,-5.202911013404315152e-03,1.995403389473283110e-05,5.349999999999999895e-02
-1.384609582468619848e+01,-5.225013504920265894e-03,1.990046086795864639e-05,5.349999999999999895e-02
-1.384552022059567200e+01,-5.197532649590186696e-03,1.992539890858878500e-05,5.349999999999999895e-02
-1.384504410567715560e+01,-5.192616566325553885e-03,1.994528935749813298e-05,5.349999999999999895e-02
-1.384511202472997837e+01,-5.221243546349953538e-03,1.992027390189492818e-05,5.349999999999999895e-02
-1.384541872165215359e+01,-5.243504895007147781e-03,1.990996825557443456e-05,5.349999999999999895e-02
-1.384450451565654916e+01,-5.211603127909617342e-03,1.993801817109763018e-05,5.349999999999999895e-02
-1.384575840931980295e+01,-5.242255013908673177e-03,1.989784647991303210e-05,5.349999999999999895e-02
-1.384553381034948494e+01,-5.211089296074656457e-03,1.991987579833602405e-05,5.349999999999999895e-02
-1.384557497278126803e+01,-5.215360620838938900e-03,1.991685043221980719e-05,5.349999999999999895e-02
-1.384408160671284804e+01,-5.224790778269214689e-03,1.993284820041659231e-05,5.349999999999999895e-02
-1.384736989757556636e+01,-5.244145508094469679e-03,1.986245634114056926e-05,5.349999999999999895e-02
-1.384521358663735846e+01,-5.202889235677303666e-03,1.993273997103248542e-05,5.349999999999999895e-02
-1.384618526178976161e+01,-5.225639410299542410e-03,1.989898488580868575e-05,5.349999999999999895e-02
-1.384599350025616360e+01,-5.222172508486157445e-03,1.989899532222030157e-05,5.349999999999999895e-02
-1.384596659181059053e+01,-5.237530407261810003e-03,1.989633602446277540e-05,5.349999999999999895e-02
-1.384429467335255914e+01,-5.226055959166882488e-03,1.992992407856015037e-05,5.349999999999999895e-02
-1.384532273633926280e+01,-5.217383331275357757e-03,1.991933743124373369e-05,5.349999999999999895e-02
-1.384772455880467135e+01,-5.278667358995119997e-03,1.984199405697245690e-05,5.349999999999999895e-02
-1.384620976970490069e+01,-5.243633988626301631e-03,1.988759002390841815e-05,5.349999999999999895e-02
-1.384592922012322092e+01,-5.230192068890064487e-03,1.989695243239961454e-05,5.349999999999999895e-02
-1.384623145339767092e+01,-5.223395191979666140e-03,1.990766639130695770e-05,5.349999999999999895e-02
-1.384531307789396060e+01,-5.204680054520374050e-03,1.993604984638034996e-05,5.349999999999999895e-02
-1.384426267790415821e+01,-5.205108622499458187e-03,1.994592220775191167e-05,5.349999999999999895e-02
-1.384516940973226617e+01,-5.209409459399775080e-03,1.993293980234512225e-05,5.349999999999999895e-02
-1.384376090190576569e+01,-5.202649953775267261e-03,1.995733836786644299e-05,5.349999999999999895e-02
-1.384663394122550173e+01,-5.267593277435607575e-03,1.986666297735523772e-05,5.349999999999999895e-02
-1.384475330830353812e+01,-5.248792562796650817e-03,1.990664997857253323e-05,5.349999999999999895e-02
-1.384508948682355722e+01,-5.204723912928268213e-03,1.992403336164630853e-05,5.349999999999999895e-02
-1.384593803329158668e+01,-5.252639323802869853e-03,1.988367525370782034e-05,5.349999999999999895e-02
-1.384518217888202685e+01,-5.220436415850094984e-03,1.992068098506825441e-05,5.349999999999999895e-02
-1.384502032076908051e+01,-5.188507960966694428e-03,1.994920905055654379e-05,5.349999999999999895e-02
-1.384494904584100539e+01,-5.188150901248046558e-03,1.994661278979109349e-05,5.349999999999999895e-02
-1.384623216250799160e+01,-5.226906816520247162e-03,1.989780896302454776e-05,5.349999999999999895e-02
-1.384606307480523668e+01,-5.208360620691431832e-03,1.991336364420900077e-05,5.349999999999999895e-02
-1.384479931797162600e+01,-5.267428341543466466e-03,1.989542421702354094e-05,5.349999999999999895e-02
-1.384553993748025391e+01,-5.261135754817888865e-03,1.988406546511539585e-05,5.349999999999999895e-02
-1.384292914335208380e+01,-5.210083119605900606e-03,1.995865627669146287e-05,5.349999999999999895e-02
-1.384519709449903679e+01,-5.240283927480362570e-03,1.990751669774407724e-05,5.349999999999999895e-02
-1.384518775820371772e+01,-5.245533982739241687e-03,1.990317090494180894e-05,5.349999999999999895e-02
-1.384573042559439848e+01,-5.209375068963508978e-03,1.991973694564059294e-05,5.349999999999999895e-02
-1.384444673703956852e+01,-5.220214363727613063e-03,1.993128978607899946e-05,5.349999999999999895e-02
-1.384659145269316305e+01,-5.255471668137047699e-03,1.986671455279228767e-05,5.349999999999999895e-02
-1.384474198524319277e+01,-5.245649863947924284e-03,1.991258562447366346e-05,5.349999999999999895e-02
-1.384434170618409610e+01,-5.235459145752007284e-03,1.992365596278822647e-05,5.349999999999999895e-02
-1.384434938672727355e+01,-5.218051398243724048e-03,1.993540149666919170e-05,5.349999999999999895e-02
-1.384678013322794143e+01,-5.259071184541141628e-03,1.986592539516820267e-05,5.349999999999999895e-02
-1.384437344527272273e+01,-5.212302454518913213e-03,1.993546432691952239e-05,5.349999999999999895e-02
-1.384478957076437666e+01,-5.229477225378579251e-03,1.992617944231483333e-05,5.349999999999999895e-02
-1.384528573347509806e+01,-5.219904906001754559e-03,1.991831163968757468e-05,5.349999999999999895e-02
-1.384621489687594931e+01,-5.221401583082507271e-03,1.990474435925908013e-05,5.349999999999999895e-02
-1.384524487035564810e+01,-5.219180106589346203e-03,1.991840359812857228e-05,5.349999999999999895e-02
-1.384641103045534827e+01,-5.253548110769457220e-03,1.988177642891521529e-05,5.349999999999999895e-02
-1.384449021212710207e+01,-5.219467867794616751e-03,1.992993804670342923e-05,5.349999999999999895e-02
-1.384702466840315793e+01,-5.235453798468849354e-03,1.987842726294348556e-05,5.349999999999999895e-02
-1.384629851434377379e+01,-5.241582516118769089e-03,1.988821657824411173e-05,5.349999999999999895e-02
-1.384535475884531053e+01,-5.225389973186748624e-03,1.991473732287887520e-05,5.349999999999999895e-02
-1.384507782381332319e+01,-5.260692602208273672e-03,1.989655120013349008e-05,5.349999999999999895e-02
-1.384411064984642437e+01,-5.201355280821120218e-03,1.995304381957598922e-05,5.349999999999999895e-02
-1.384645195781813598e+01,-5.212181621012282155e-03,1.990922173076052436e-05,5.349999999999999895e-02
-1.384647767353437331e+01,-5.235631453975563877e-03,1.988999930312657452e-05,5.349999999999999895e-02
-1.384530523934571988e+01,-5.239328025130455570e-03,1.990746996815898458e-05,5.349999999999999895e-02
-1.384418787902520265e+01,-5.215894534531230475e-03,1.993533693925592657e-05,5.349999999999999895e-02
-1.384519960724598242e+01,-5.242038007916790567e-03,1.990695102565117336e-05,5.349999999999999895e-02
-1.384542653152336200e+01,-5.202087540893077060e-03,1.993627314437501454e-05,5.349999999999999895e-02
-1.384394944044315423e+01,-5.220749563096346683e-03,1.994035803913658285e-05,5.349999999999999895e-02
-1.384592810253311157e+01,-5.238480066314264195e-03,1.989456821267234125e-05,5.349999999999999895e-02
-1.384529978524011362e+01,-5.223114919124390368e-03,1.992304915529529452e-05,5.349999999999999895e-02
-1.384451732902450516e+01,-5.226735734885345000e-03,1.992978121510903633e-05,5.349999999999999895e-02
-1.384548925858305246e+01,-5.215181046917245419e-03,1.991939602657166085e-05,5.349999999999999895e-02
-1.384563393463550085e+01,-5.247434464314597660e-03,1.989409245809623246e-05,5.349999999999999895e-02
-1.384597216241139606e+01,-5.234047871298080912e-03,1.989637985187863031e-05,5.349999999999999895e-02
-1.384578948519159347e+01,-5.226237449871351873e-03,1.990619011111404146e-05,5.349999999999999895e-02
-1.384595526778463892e+01,-5.232020408243161051e-03,1.989772826436776574e-05,5.349999999999999895e-02
-1.384391507347047678e+01,-5.205646122535523800e-03,1.995780454892565934e-05,5.349999999999999895e-02
-1.384592024584071446e+01,-5.276692502782541656e-03,1.986811703898941131e-05,5.349999999999999895e-02
-1.384582825787707172e+01,-5.231085706698094910e-03,1.990754384115039799e-05,5.349999999999999895e-02
-1.384458074966590146e+01,-5.204697699624899129e-03,1.994521376625672321e-05,5.349999999999999895e-02
-1.384623365704900166e+01,-5.249351858387128929e-03,1.988261881147290587e-05,5.349999999999999895e-02
-1.384578681581126069e+01,-5.232356473202836797e-03,1.990330721587442610e-05,5.349999999999999895e-02
-1.384562588527328764e+01,-5.199306471212182881e-03,1.994043899350599123e-05,5.349999999999999895e-02
-1.384504963779845710e+01,-5.206005752900265231e-03,1.993717534126426296e-05,5.349999999999999895e-02
-1.384505610797210728e+01,-5.223176004189314207e-03,1.991870933136582214e-05,5.349999999999999895e-02
-1.384611435455446404e+01,-5.225108340189251778e-03,1.989705218575130142e-05,5.349999999999999895e-02
-1.384684522419577313e+01,-5.242518655509962981e-03,1.987760745233584474e-05,5.349999999999999895e-02
-1.384623129262495667e+01,-5.257672344479547011e-03,1.987472611037181412e-05,5.349999999999999895e-02
-1.384609092211911019e+01,-5.257485473163390523e-03,1.988464004394513868e-05,5.349999999999999895e-02
-1.384652165686420844e+01,-5.225152790571449719e-03,1.989404319005615214e-05,5.349999999999999895e-02
-1.384538339264837603e+01,-5.269943649541775424e-03,1.989072646144531841e-05,5.349999999999999895e-02
-1.384678340913012029e+01,-5.238971146506012436e-03,1.988417244788522379e-05,5.349999999999999895e-02
-1.384679844391945380e+01,-5.213194752341671588e-03,1.989587336302302362e-05,5.349999999999999895e-02
-1.384663661781273092e+01,-5.244346471562121373e-03,1.988028912774913637e-05,5.349999999999999895e-02
-1.384584762736971797e+01,-5.255164486970426325e-03,1.988423160608849950e-05,5.349999999999999895e-02
-1.384894295171972800e+01,-5.281404833923952422e-03,1.981510708832156050e-05,5.349999999999999895e-02
-1.384684709179313522e+01,-5.207453060781723313e-03,1.990807501997128351e-05,5.349999999999999895e-02
-1.384388179952620135e+01,-5.200729904925724054e-03,1.995527261668413152e-05,5.349999999999999895e-02
-1.384472924800685512e+01,-5.225435714545162251e-03,1.992416462457288583e-05,5.349999999999999895e-02
-1.384468942364608246e+01,-5.224971121436108694e-03,1.992551343644296191e-05,5.349999999999999895e-02
-1.384403434628111818e+01,-5.218739442031990021e-03,1.994484157848009222e-05,5.349999999999999895e-02
-1.384408315846345516e+01,-5.215303031881133276e-03,1.994392931696920877e-05,5.349999999999999895e-02
-1.384586576135254177e+01,-5.250976955526846963e-03,1.988738126578853057e-05,5.349999999999999895e-02
-1.384574281451401312e+01,-5.225652859494347990e-03,1.990917571178270459e-05,5.349999999999999895e-02
-1.384436039376700478e+01,-5.190528853152407036e-03,1.995332451366794172e-05,5.349999999999999895e-02
-1.384465830979917200e+01,-5.215853793870042082e-03,1.992979787369006205e-05,5.349999999999999895e-02
-1.384597275380634862e+01,-5.257616429080591916e-03,1.987937419067244290e-05,5.349999999999999895e-02
-1.384677586090906942e+01,-5.257066768871020146e-03,1.986419339001279641e-05,5.349999999999999895e-02
-1.384342394665671172e+01,-5.198853023960807104e-03,1.996402092563065434e-05,5.349999999999999895e-02
-1.384536114032842313e+01,-5.204377407501077635e-03,1.992961543059225223e-05,5.349999999999999895e-02
-1.384536833963090707e+01,-5.251262072961499286e-03,1.989617555677044257e-05,5.349999999999999895e-02
-1.384609724934538733e+01,-5.240907640799469421e-03,1.989203585525554436e-05,5.349999999999999895e-02
-1.384634131652229527e+01,-5.236062785282665812e-03,1.988537250243987078e-05,5.349999999999999895e-02
-1.384641062830380598e+01,-5.233316142804016018e-03,1.989158925844793733e-05,5.349999999999999895e-02
-1.384551297063916486e+01,-5.219826026492241887e-03,1.991644283454343576e-05,5.349999999999999895e-02
-1.384540428044233451e+01,-5.213558606984082869e-03,1.992508092819766222e-05,5.349999999999999895e-02
-1.384509702456487190e+01,-5.214867381157586163e-03,1.993015837873410545e-05,5.349999999999999895e-02
-1.384573024108353678e+01,-5.234812815461847499e-03,1.989836379428692954e-05,5.349999999999999895e-02
-1.384562285784248381e+01,-5.189313000940732820e-03,1.993231752434871773e-05,5.349999999999999895e-02
-1.384519606570940731e+01,-5.218786032668465587e-03,1.992117561787257429e-05,5.349999999999999895e-02
-1.384496299695656951e+01,-5.210308330776010181e-03,1.993332092784251870e-05,5.349999999999999895e-02
-1.384480206250356638e+01,-5.224287877778161990e-03,1.992174236033015112e-05,5.349999999999999895e-02
-1.384411508329098339e+01,-5.213141537123142100e-03,1.994338620041238418e-05,5.349999999999999895e-02
-1.384694304989895741e+01,-5.250034768725916033e-03,1.986872079229289390e-05,5.349999999999999895e-02
-1.384598836786078557e+01,-5.216557851869104041e-03,1.991050620949919142e-05,5.349999999999999895e-02
-1.384655031482179055e+01,-5.249754953487987055e-03,1.987213083537788343e-05,5.349999999999999895e-02
-1.384433914274361932e+01,-5.214789872191320091e-03,1.993607014292412641e-05,5.349999999999999895e-02
-1.384588658937652106e+01,-5.232228507117512271e-03,1.990774098540447169e-05,5.349999999999999895e-02
-1.384378438928254695e+01,-5.179505501796589570e-03,1.997229964484049995e-05,5.349999999999999895e-02
-1.384395414469718411e+01,-5.222730754958112599e-03,1.994642930669858740e-05,5.349999999999999895e-02
-1.384562685418396732e+01,-5.227020290579363279e-03,1.990374791736242060e-05,5.349999999999999895e-02
-1.384524472134491901e+01,-5.201389199335706634e-03,1.993146212649337946e-05,5.349999999999999895e-02
-1.384604458117355108e+01,-5.214794728105363354e-03,1.991869348107451766e-05,5.349999999999999895e-02
-1.384554956311295371e+01,-5.204704662699686894e-03,1.992752209952248382e-05,5.349999999999999895e-02
-1.384545479309476335e+01,-5.229633206752235149e-03,1.991449932558108881e-05,5.349999999999999895e-02
-1.384521511346379974e+01,-5.212019906088725778e-03,1.992327721561432710e-05,5.349999999999999895e-02
-1.384543091029043715e+01,-5.229080684939798121e-03,1.990691139501136282e-05,5.349999999999999895e-02
-1.384508351820837291e+01,-5.239903074781075178e-03,1.991286572921480591e-05,5.349999999999999895e-02
-1.384492598593269896e+01,-5.227328173289691460e-03,1.992267638313711795e-05,5.349999999999999895e-02
-1.384456899903140048e+01,-5.219811144059188605e-03,1.993093365928083998e-05,5.349999999999999895e-02
-1.384634529628408472e+01,-5.198975212193726776e-03,1.992050394061994215e-05,5.349999999999999895e-02
-1.384550327847989060e+01,-5.224767305964179293e-03,1.991074032305939444e-05,5.349999999999999895e-02
-1.384512218434967856e+01,-5.222508561045034921e-03,1.991726605979062616e-05,5.349999999999999895e-02
-1.384649717410700553e+01,-5.248147736718565375e-03,1.988119586027528246e-05,5.349999999999999895e-02
-1.384418593832507405e+01,-5.239322477307285092e-03,1.992287097766169403e-05,5.349999999999999895e-02
-1.384587875950594160e+01,-5.236000021103159353e-03,1.989617552069822992e-05,5.349999999999999895e-02
-1.384618829203143697e+01,-5.234795259370305168e-03,1.989447653359714484e-05,5.349999999999999895e-02
-1.384593542129118404e+01,-5.235731727942757700e-03,1.989539268689076448e-05,5.349999999999999895e-02
-1.384522394743593487e+01,-5.222081549261934491e-03,1.991320023622899938e-05,5.349999999999999895e-02
-1.384538605505587938e+01,-5.209335274063071550e-03,1.993341684565320685e-05,5.349999999999999895e-02
-1.384394435175097016e+01,-5.200644472730646221e-03,1.995471242532097572e-05,5.349999999999999895e-02
-1.384716432715546475e+01,-5.229288243217344173e-03,1.987953719829482722e-05,5.349999999999999895e-02
-1.384860712115648518e+01,-5.231940372419846726e-03,1.985499658406557978e-05,5.349999999999999895e-02
-1.384607111451442485e+01,-5.203264014703093757e-03,1.992090339484003006e-05,5.349999999999999895e-02
-1.384495358490471162e+01,-5.233496870592609963e-03,1.991334891064454481e-05,5.349999999999999895e-02
-1.384545380275734061e+01,-5.210665506297400447e-03,1.991790741394066145e-05,5.349999999999999895e-02
-1.384553714208813702e+01,-5.234310201568654827e-03,1.990957158547300234e-05,5.349999999999999895e-02
-1.384344529616361541e+01,-5.232351370321722608e-03,1.994957505877764011e-05,5.349999999999999895e-02
-1.384446851294939762e+01,-5.234155684672047240e-03,1.992815869101654448e-05,5.349999999999999895e-02
-1.384335174713410588e+01,-5.209642095752513129e-03,1.995636426600665072e-05,5.349999999999999895e-02
-1.384555290849125875e+01,-5.238844158279512206e-03,1.990069832055121150e-05,5.349999999999999895e-02
-1.384733706297404865e+01,-5.199634288529182170e-03,1.989629320652824417e-05,5.349999999999999895e-02
-1.384631009795482015e+01,-5.244522357816958948e-03,1.988102026302900519e-05,5.349999999999999895e-02
-1.384456030217138611e+01,-5.217937677650925574e-03,1.993199983693030958e-05,5.349999999999999895e-02
-1.384711829579983267e+01,-5.241878057592714614e-03,1.987330071999643825e-05,5.349999999999999895e-02
-1.384498110875154175e+01,-5.231827845046976497e-03,1.992027516533114595e-05,5.349999999999999895e-02
-1.384542987739606446e+01,-5.258035542639848299e-03,1.989193611964854382e-05,5.349999999999999895e-02
-1.384457399182952919e+01,-5.220383144055386858e-03,1.994063003872454610e-05,5.349999999999999895e-02
-1.384547952177923769e+01,-5.212639460332130735e-03,1.993031241346428716e-05,5.349999999999999895e-02
-1.384389239683005002e+01,-5.231206528823191364e-03,1.993077711358625027e-05,5.349999999999999895e-02
-1.384714520348001088e+01,-5.279865000893753726e-03,1.984751090197903263e-05,5.349999999999999895e-02
-1.384632355318336927e+01,-5.253743188989463790e-03,1.987406389339619564e-05,5.349999999999999895e-02
-1.384436963671789478e+01,-5.214640918403188122e-03,1.993748260496442336e-05,5.349999999999999895e-02
-1.384445318441294681e+01,-5.199678853587366700e-03,1.994225512246291631e-05,5.349999999999999895e-02
-1.384466524317975633e+01,-5.215114499201194131e-03,1.993384802397112399e-05,5.349999999999999895e-02
-1.384466272002907417e+01,-5.230168844089242396e-03,1.992333507457115291e-05,5.349999999999999895e-02
-1.384467886499428069e+01,-5.227466721163444123e-03,1.992668598871291178e-05,5.349999999999999895e-02
-1.384681064049847699e+01,-5.242972515137606440e-03,1.987437880963164552e-05,5.349999999999999895e-02
-1.384447247009111770e+01,-5.225104215548824829e-03,1.992239300399944061e-05,5.349999999999999895e-02
-1.384542560308563708e+01,-5.202668395836455330e-03,1.993168799088375516e-05,5.349999999999999895e-02
-1.384573131461841378e+01,-5.253705785692303759e-03,1.988887590580747610e-05,5.349999999999999895e-02
-1.384386925796446732e+01,-5.224228767803344373e-03,1.993964485172454248e-05,5.349999999999999895e-02
-1.384573871248105803e+01,-5.244156676793640913e-03,1.989641003990022777e-05,5.349999999999999895e-02
-1.384436799257209749e+01,-5.235872406109187867e-03,1.992317722141396825e-05,5.349999999999999895e-02
-1.384622036047176685e+01,-5.248476362036863345e-03,1.988608223050143607e-05,5.349999999999999895e-02
-1.384508395382482782e+01,-5.232422523719797158e-03,1.991414756383732542e-05,5.349999999999999895e-02
-1.384526234921189314e+01,-5.251210223650043009e-03,1.990021345343697250e-05,5.349999999999999895e-02
-1.384526917882375763e+01,-5.205271776243964969e-03,1.992545066679969528e-05,5.349999999999999895e-02
-1.384577380822638126e+01,-5.234054544928987487e-03,1.990471690900504537e-05,5.349999999999999895e-02
-1.384684916967262858e+01,-5.230463926353278240e-03,1.987880407604111679e-05,5.349999999999999895e-02
-1.384707989255250560e+01,-5.227023389608015033e-03,1.988225396686705456e-05,5.349999999999999895e-02
-1.384764061893372933e+01,-5.245693215099050608e-03,1.985989787152876181e-05,5.349999999999999895e-02
-1.384593188169311873e+01,-5.215625601889320277e-03,1.990947709811996809e-05,5.349999999999999895e-02
-1.384519138381496894e+01,-5.248550969058982628e-03,1.990340734795765414e-05,5.349999999999999895e-02
-1.384512307340352955e+01,-5.228088799919967597e-03,1.991338279175354649e-05,5.349999999999999895e-02
-1.384430723087099402e+01,-5.236404498439861492e-03,1.992883292435405394e-05,5.349999999999999895e-02
-1.384661428413932960e+01,-5.209511949085083964e-03,1.990194866968015330e-05,5.349999999999999895e-02
-1.384678722187444855e+01,-5.276821751248291989e-03,1.985730973373583453e-05,5.349999999999999895e-02
-1.384567187316557479e+01,-5.219799304252020940e-03,1.991618678531900004e-05,5.349999999999999895e-02
-1.384496982682543020e+01,-5.226863239931444499e-03,1.992663637786054912e-05,5.349999999999999895e-02
-1.384488073876577729e+01,-5.212699582680140574e-03,1.992889943014623658e-05,5.349999999999999895e-02
-1.384451237977017080e+01,-5.242207009313881727e-03,1.991900678905145827e-05,5.349999999999999895e-02
-1.384488515725514368e+01,-5.209727233224604494e-03,1.993638909381105815e-05,5.349999999999999895e-02
-1.384419804157539957e+01,-5.196254470627176963e-03,1.995046072660131703e-05,5.349999999999999895e-02
-1.384591331277417403e+01,-5.241213850598900985e-03,1.989402748663601713e-05,5.349999999999999895e-02
-1.384512652130969457e+01,-5.236676951853130174e-03,1.991048334911619497e-05,5.349999999999999895e-02
-1.384556867724242224e+01,-5.216578345316905639e-03,1.991424147574815588e-05,5.349999999999999895e-02
-1.384582077104227693e+01,-5.239821120708896413e-03,1.989559176318003814e-05,5.349999999999999895e-02
-1.384631125131295981e+01,-5.232951075887714958e-03,1.988994254301689385e-05,5.349999999999999895e-02
-1.384672770417936505e+01,-5.255809631920292310e-03,1.987884638659611264e-05,5.349999999999999895e-02
-1.384490154414263152e+01,-5.195856795090014225e-03,1.994474554141922344e-05,5.349999999999999895e-02
-1.384663763357795219e+01,-5.227275663916408806e-03,1.989326241736486380e-05,5.349999999999999895e-02
-1.384516130723612015e+01,-5.233399253057551166e-03,1.991028605048532170e-05,5.349999999999999895e-02
-1.384687869587682663e+01,-5.236077293745535280e-03,1.987998363523906347e-05,5.349999999999999895e-02
-1.384656508268552244e+01,-5.233080995606279907e-03,1.988462498272289725e-05,5.349999999999999895e-02
-1.384473560792397251e+01,-5.222303115233632720e-03,1.992987259008014315e-05,5.349999999999999895e-02
-1.384672572474343077e+01,-5.240328776335043820e-03,1.988424497297466663e-05,5.349999999999999895e-02
-1.384616273528723163e+01,-5.214498551074836508e-03,1.991073970863657856e-05,5.349999999999999895e-02
-1.384657210406204264e+01,-5.275037214534977238e-03,1.985897645679337434e-05,5.349999999999999895e-02
-1.384520413353616242e+01,-5.258848569417339663e-03,1.989246735225965018e-05,5.349999999999999895e-02
-1.384501430670210098e+01,-5.199973876763022522e-03,1.993522903588034053e-05,5.349999999999999895e-02
-1.384682060718040297e+01,-5.242101080557681064e-03,1.987579235290353992e-05,5.349999999999999895e-02
-1.384556629282212548e+01,-5.265483065865907836e-03,1.988344863897209197e-05,5.349999999999999895e-02
-1.384422225785577432e+01,-5.214251037122251062e-03,1.993895755885030462e-05,5.349999999999999895e-02
-1.384464718838710340e+01,-5.216544367149168748e-03,1.993423801545675915e-05,5.349999999999999895e-02
-1.384620491894189875e+01,-5.237991479463322345e-03,1.989515457166235961e-05,5.349999999999999895e-02
-1.384664586523284413e+01,-5.242629389370245634e-03,1.988244367980321440e-05,5.349999999999999895e-02
-1.384539141116916916e+01,-5.218245832246812960e-03,1.991473260904046204e-05,5.349999999999999895e-02
-1.384547675472368411e+01,-5.217618613453487916e-03,1.992289479230312517e-05,5.349999999999999895e-02
-1.384547712223929850e+01,-5.238264289386860249e-03,1.990259789331920152e-05,5.349999999999999895e-02
-1.384556508146376963e+01,-5.249134843849342751e-03,1.990028382361380089e-05,5.349999999999999895e-02
-1.384551598370692638e+01,-5.237950011010935117e-03,1.990318721979495375e-05,5.349999999999999895e-02
-1.384528088851170047e+01,-5.224647723691599500e-03,1.991950086679036136e-05,5.349999999999999895e-02
-1.384490103642681369e+01,-5.234411760129105071e-03,1.991040559235193112e-05,5.349999999999999895e-02
-1.384708473173410148e+01,-5.253886962543906705e-03,1.986739395409235160e-05,5.349999999999999895e-02
-1.384375132615169335e+01,-5.207282664481791348e-03,1.995574395548428145e-05,5.349999999999999895e-02
-1.384447841592907125e+01,-5.181410410239784860e-03,1.995971448058235008e-05,5.349999999999999895e-02
-1.384437537509073657e+01,-5.228780274015983227e-03,1.992946622127965271e-05,5.349999999999999895e-02
-1.384493422236409366e+01,-5.185872629392794184e-03,1.994889240026788188e-05,5.349999999999999895e-02
-1.384499873058784480e+01,-5.225967585277904899e-03,1.992181739788558470e-05,5.349999999999999895e-02
-1.384486096073782058e+01,-5.240809146799983546e-03,1.991199865661831404e-05,5.349999999999999895e-02
-1.384479169365276441e+01,-5.227726401061260839e-03,1.992011895897366228e-05,5.349999999999999895e-02
-1.384364907721444027e+01,-5.224643110748268364e-03,1.994232715483687838e-05,5.349999999999999895e-02
-1.384621864108082079e+01,-5.207650412921599123e-03,1.991684635844178641e-05,5.349999999999999895e-02
-1.384593076524400068e+01,-5.224363203883692144e-03,1.990077325968033241e-05,5.349999999999999895e-02
-1.384301963133494695e+01,-5.226001584774618569e-03,1.995992167134676306e-05,5.349999999999999895e-02
-1.384728902416882690e+01,-5.291352990950131882e-03,1.983724548915535065e-05,5.349999999999999895e-02
-1.384432559555605380e+01,-5.213717848992532183e-03,1.993886026865004197e-05,5.349999999999999895e-02
-1.384570249598312941e+01,-5.251257785079903491e-03,1.989177758870553216e-05,5.349999999999999895e-02
-1.384493045472926021e+01,-5.198358044568141857e-03,1.993968041475419916e-05,5.349999999999999895e-02
-1.384470731386879550e+01,-5.239798878113947379e-03,1.991643789157073835e-05,5.349999999999999895e-02
-1.384643566574371398e+01,-5.217138177028305714e-03,1.990204513840668787e-05,5.349999999999999895e-02
-1.384551433541852283e+01,-5.224472312826570174e-03,1.990999021451510216e-05,5.349999999999999895e-02
-1.384458572273065435e+01,-5.241668715324699322e-03,1.991048529450021405e-05,5.349999999999999895e-02
-1.384642364722383157e+01,-5.210088640764751894e-03,1.990730481420242040e-05,5.349999999999999895e-02
-1.384623812568941048e+01,-5.252492760888602223e-03,1.988173018898086879e-05,5.349999999999999895e-02
-1.384476454978133475e+01,-5.240483791842407389e-03,1.991659400312149119e-05,5.349999999999999895e-02
-1.384489110857644611e+01,-5.218757097203731259e-03,1.992546049285198333e-05,5.349999999999999895e-02
-1.384476161728569998e+01,-5.226176634365914744e-03,1.992227477861382320e-05,5.349999999999999895e-02
-1.384413520909571282e+01,-5.230532331748124174e-03,1.993320937306181648e-05,5.349999999999999895e-02
