-1.121770351807629851e+01,-2.105399805982104480e-02,5.548357977250199753e-05,5.349999999999999895e-02
-1.073614506811440172e+01,-1.840972438601079508e-02,6.451856382244205751e-05,5.349999999999999895e-02
-8.890256555584977960e+00,-1.088426254325134367e-02,1.018089679146058445e-04,5.349999999999999895e-02
-9.973985803874745315e+00,-4.991747193431560897e-02,5.830802872990912904e-05,5.349999999999999895e-02
-1.116145461297089803e+01,-4.132868679765786674e-02,5.093027211393599346e-05,5.349999999999999895e-02
-1.167825421210431536e+01,-7.496093263090765346e-02,1.576147920436930144e-05,5.349999999999999895e-02
-1.058130755243770516e+01,-4.213039543248018465e-02,5.459064942305650708e-05,5.349999999999999895e-02
-1.035444139314289025e+01,-8.891399645640790314e-03,8.517603578449811218e-05,5.349999999999999895e-02
-1.070600777096748857e+01,-3.682147164137441336e-02,5.612610487279175668e-05,5.349999999999999895e-02
-1.224427067298497285e+01,-4.592210148422167654e-02,2.103513215461751831e-05,5.349999999999999895e-02
-1.184362696337042387e+01,-3.493674702793028025e-02,3.587313368245996563e-05,5.349999999999999895e-02
-1.225205807682307579e+01,-3.021471955356273484e-02,3.228284567714893454e-05,5.349999999999999895e-02
-1.115081467386110070e+01,-1.434506062414107018e-02,6.031743197535248006e-05,5.349999999999999895e-02
-1.088476661952363855e+01,-2.294105627419694426e-02,5.832018184283553895e-05,5.349999999999999895e-02
-1.103219984525825659e+01,-7.003001208288094082e-02,2.438240752060456370e-05,5.349999999999999895e-02
-9.763540909390878042e+00,-8.497557666391807388e-03,8.781123664160740889e-05,5.349999999999999895e-02
-9.849910591909905477e+00,-1.716179067190619009e-02,7.866680171288387364e-05,5.349999999999999895e-02
-1.060970638747411954e+01,-4.057793906237715936e-02,5.580315449234329666e-05,5.349999999999999895e-02
-9.684776717398587920e+00,-4.207383008282513000e-03,9.460098906944172713e-05,5.349999999999999895e-02
-1.151861753938360700e+01,-5.568048023296571364e-02,3.557343551701227835e-05,5.349999999999999895e-02
-9.186784891944601128e+00,-3.024619356089821437e-02,8.417538387580610147e-05,5.349999999999999895e-02
-1.118115120904435322e+01,-2.420765209228363177e-02,5.545517250756219361e-05,5.349999999999999895e-02
-8.556646762050601041e+00,8.432799571608909014e-03,1.223732076037659404e-04,5.349999999999999895e-02
-1.057913725197729171e+01,-2.692321864597149034e-02,6.506470117405932453e-05,5.349999999999999895e-02
-1.116325980189781397e+01,-2.904667017023977726e-02,5.064706329860357327e-05,5.349999999999999895e-02
-1.107952539880905896e+01,-1.659077451139522735e-02,6.288539427175039861e-05,5.349999999999999895e-02
-1.100456326001222607e+01,-3.858507634524086655e-02,4.579574441860255056e-05,5.349999999999999895e-02
-7.844225654977261541e+00,-3.398307289209082788e-02,1.059842626911144871e-04,5.349999999999999895e-02
-1.075101400603935708e+01,-2.207109503068897458e-02,6.194185627885754784e-05,5.349999999999999895e-02
-1.093825631486865468e+01,-2.333919239880792237e-02,5.932738885397063265e-05,5.349999999999999895e-02
-1.173773699579098206e+01,-2.190301377571302055e-02,4.870834269285171140e-05,5.349999999999999895e-02
-1.038010113753718500e+01,-5.959968278455193835e-02,4.485111825262196999e-05,5.349999999999999895e-02
-1.093820595090691228e+01,-2.149687321774688617e-02,6.211704699838822873e-05,5.349999999999999895e-02
-9.834749395164454455e+00,-1.821765085290582425e-02,7.395372655684097829e-05,5.349999999999999895e-02
-1.005877857562244237e+01,-2.426904520357824405e-02,6.957828356607931276e-05,5.349999999999999895e-02
-1.065854294411169789e+01,-5.815687690576695074e-02,4.415947824076785092e-05,5.349999999999999895e-02
-8.917058931569812330e+00,-2.655156261151744856e-02,9.038243738743860793e-05,5.349999999999999895e-02
-1.077563893676371620e+01,-1.143836638253240695e-02,7.006756829849206494e-05,5.349999999999999895e-02
-1.060723324779868548e+01,-2.027734505657458053e-02,6.915230237865380462e-05,5.349999999999999895e-02
-1.013395997459691777e+01,-6.290452266332875741e-02,4.544125878020247451e-05,5.349999999999999895e-02
-1.136456565743547387e+01,-3.741907834268996119e-02,3.896735904291109923e-05,5.349999999999999895e-02
-1.184898802275640506e+01,-4.267664454879455810e-02,2.859275826851676960e-05,5.349999999999999895e-02
-8.079890012499198804e+00,-3.185646172163574940e-03,1.198586792952401108e-04,5.349999999999999895e-02
-1.058510777293471605e+01,-1.367422878537385283e-02,6.966802145557757383e-05,5.349999999999999895e-02
-6.849427002031548639e+00,-1.987141129019460301e-02,1.306449193260262394e-04,5.349999999999999895e-02
-1.154682803368963206e+01,-2.943849426389599788e-02,4.630818336367534255e-05,5.349999999999999895e-02
-1.143152720223015706e+01,-5.393042622737483083e-02,2.567557881863468549e-05,5.349999999999999895e-02
-8.423182096083007053e+00,-1.792384284765112870e-02,1.053778579307150135e-04,5.349999999999999895e-02
-1.030333334614676311e+01,-2.129362814520881220e-02,7.291203975392001387e-05,5.349999999999999895e-02
-1.063971116358122870e+01,-5.097677325820658412e-02,4.759766431285188489e-05,5.349999999999999895e-02
-9.824710734917387001e+00,-2.040515699525835211e-02,8.193809123588228008e-05,5.349999999999999895e-02
-1.133176512483844078e+01,-2.264528423337425211e-02,5.048849196302371956e-05,5.349999999999999895e-02
-8.368120018446463249e+00,2.685841168045783895e-03,1.195589285299896007e-04,5.349999999999999895e-02
-9.705160354432253556e+00,-3.878599649883580219e-02,7.531323590158063401e-05,5.349999999999999895e-02
-9.327676242815755359e+00,-2.468059781479231204e-02,8.887197074243302153e-05,5.349999999999999895e-02
-1.099770132928258271e+01,-1.793220157185075256e-02,6.106646744322525514e-05,5.349999999999999895e-02
-1.161165621108650114e+01,-5.501785022942895509e-02,2.522235105586286328e-05,5.349999999999999895e-02
-1.064889542889345009e+01,-2.998465050145687760e-02,6.157165853175969197e-05,5.349999999999999895e-02
-1.047475282716706246e+01,-3.241028141546853369e-02,6.062576221692194707e-05,5.349999999999999895e-02
-1.049642560085884568e+01,-5.963543159404787082e-03,8.050169106820226361e-05,5.349999999999999895e-02
-1.051688059988442525e+01,-6.817110563799266831e-02,3.830915503684984241e-05,5.349999999999999895e-02
-1.107927551922169052e+01,-4.669286054660993363e-02,4.104497089013752777e-05,5.349999999999999895e-02
-1.132788972321556287e+01,-5.413814549528725775e-03,6.335198022822904104e-05,5.349999999999999895e-02
-7.430244688447109169e+00,5.867499746172986658e-04,1.369208917723254554e-04,5.349999999999999895e-02
-1.163186290394546063e+01,-2.654091042530062894e-02,5.057067230233206303e-05,5.349999999999999895e-02
-1.147311266357331938e+01,-1.669334753578192304e-02,5.002247397135377917e-05,5.349999999999999895e-02
-1.054969997084559452e+01,-3.253043107997959094e-02,5.883218052300082622e-05,5.349999999999999895e-02
-1.079462633911963465e+01,-5.305843360521412394e-02,4.484944517053273094e-05,5.349999999999999895e-02
-1.052713964141250358e+01,-1.060313622876636608e-02,7.913694176355038626e-05,5.349999999999999895e-02
-1.102957910653128160e+01,-1.130842010649697575e-02,6.161220565244668367e-05,5.349999999999999895e-02
-1.016386031655286359e+01,-4.334567376447467230e-02,6.075284897436159968e-05,5.349999999999999895e-02
-8.741038941546699803e+00,-1.545811947672313079e-02,1.008686885666755306e-04,5.349999999999999895e-02
-1.101399265940652761e+01,-3.405718781125211675e-02,5.647179469296758871e-05,5.349999999999999895e-02
-9.743810486775629442e+00,-1.961203992345875169e-02,8.430375160557253462e-05,5.349999999999999895e-02
-9.101420962703103967e+00,-4.042977421842681302e-02,8.096898954785950765e-05,5.349999999999999895e-02
-1.045612229015420702e+01,-3.589177255858361920e-02,5.817872394072171868e-05,5.349999999999999895e-02
-9.846887992866818706e+00,-2.646557801574642849e-02,7.769658118962811748e-05,5.349999999999999895e-02
-1.176261589794758500e+01,-5.921660700169318475e-02,2.203465157337489139e-05,5.349999999999999895e-02
-9.891203189988983624e+00,-2.328060807311654878e-02,7.941279514836779472e-05,5.349999999999999895e-02
-1.055645585649339857e+01,-4.169261724898723487e-02,5.853930813576155203e-05,5.349999999999999895e-02
-1.159896885723775739e+01,-3.065347456661082423e-02,4.594675518176770938e-05,5.349999999999999895e-02
-1.252430746410345819e+01,-3.780396465888972296e-02,2.014061440543754458e-05,5.349999999999999895e-02
-1.172221753953432710e+01,-6.951584718508657668e-02,1.522926104810010085e-05,5.349999999999999895e-02
-1.204965695257908287e+01,-1.890132197000560926e-02,4.349861130597265510e-05,5.349999999999999895e-02
-1.116362218645589088e+01,-3.505931173697106329e-02,4.951348004907516262e-05,5.349999999999999895e-02
-1.114116552041992136e+01,-4.470674006738593192e-02,4.573033516086136258e-05,5.349999999999999895e-02
-1.000295660927173991e+01,-3.276787459327739488e-02,7.043644917972053299e-05,5.349999999999999895e-02
-1.049521342544958635e+01,-3.039311780970564703e-02,6.496427143655034359e-05,5.349999999999999895e-02
-8.865927921038245785e+00,-2.108469898820155772e-02,9.469361904716000553e-05,5.349999999999999895e-02
-1.062260384612013553e+01,-1.767562822369889500e-02,6.871634863912571797e-05,5.349999999999999895e-02
-1.140873142907169502e+01,-1.874194758107688638e-02,5.169041153670436055e-05,5.349999999999999895e-02
-9.438723579152604515e+00,8.901690337732762843e-04,9.805724576006153890e-05,5.349999999999999895e-02
-1.009550498298660592e+01,-2.521184188746917326e-02,7.557790912360446681e-05,5.349999999999999895e-02
-8.704518348703418340e+00,-3.099713374694266707e-02,9.232267717689804018e-05,5.349999999999999895e-02
-1.158954729410846518e+01,-2.781643121973621444e-02,4.772674625381592727e-05,5.349999999999999895e-02
-1.105667218977065502e+01,-2.849195417663799579e-02,5.667741099740368537e-05,5.349999999999999895e-02
-9.795612289616340007e+00,-3.405638450600795286e-02,7.627523879079206874e-05,5.349999999999999895e-02
-9.929648342550116524e+00,3.423529573455245771e-03,9.289385494721865842e-05,5.349999999999999895e-02
-1.101597077821404724e+01,-1.197498077857639051e-02,6.218320566890167946e-05,5.349999999999999895e-02
-1.187796436940522682e+01,-9.787567341866743736e-03,5.237653388774458907e-05,5.349999999999999895e-02
-9.801144475592185046e+00,-4.714942633547782036e-02,6.274090539247521110e-05,5.349999999999999895e-02
-1.008441270884929786e+01,-4.466460669245503334e-02,6.458833053802949542e-05,5.349999999999999895e-02
-1.167523378101275178e+01,-6.038079978834980099e-02,2.381212616822861366e-05,5.349999999999999895e-02
-9.314175468051191231e+00,-1.843974271005394128e-02,9.062587850730316583e-05,5.349999999999999895e-02
-1.071588239895455175e+01,-3.437645778919930228e-02,5.673627613083153867e-05,5.349999999999999895e-02
-1.010725356235850647e+01,-1.312584362162361705e-02,7.819952957013164431e-05,5.349999999999999895e-02
-1.031348462921065412e+01,-4.004169912199354031e-02,6.430895060857951873e-05,5.349999999999999895e-02
-1.104244397252842447e+01,-4.206231631359499262e-02,4.615200609869658159e-05,5.349999999999999895e-02
-1.161936418346490107e+01,-4.286188843241728330e-02,3.645710241261841130e-05,5.349999999999999895e-02
-1.021519732644532574e+01,-4.270335285109427836e-02,5.805558671850165586e-05,5.349999999999999895e-02
-1.114370044417486660e+01,-1.548270447346710051e-02,6.329272874938619755e-05,5.349999999999999895e-02
-9.817656449000672580e+00,-3.659719049182603989e-02,6.304260601983069628e-05,5.349999999999999895e-02
-1.059709299308043917e+01,-2.789933445577527996e-02,6.194886549627632937e-05,5.349999999999999895e-02
-1.043291298909327658e+01,-2.892633189012890071e-02,6.144958620894602340e-05,5.349999999999999895e-02
-1.039111794672151134e+01,-1.794351678725279731e-02,7.149786653265670171e-05,5.349999999999999895e-02
-8.980710431967143137e+00,1.477825135419713783e-02,1.170236404863678344e-04,5.349999999999999895e-02
-9.365301217260686428e+00,-2.886769342308074734e-02,8.298169379104362853e-05,5.349999999999999895e-02
-7.292437454090128668e+00,-9.540877299212267501e-03,1.293083006928170704e-04,5.349999999999999895e-02
-8.100584905486114096e+00,-2.501187665900885329e-02,1.048012773910579875e-04,5.349999999999999895e-02
-8.540471994353310947e+00,7.648078732824602211e-03,1.216262708252793210e-04,5.349999999999999895e-02
-1.220006729860888584e+01,-3.612267609381534378e-02,2.979378487944009119e-05,5.349999999999999895e-02
-1.098577929057902836e+01,-2.695476610437612733e-02,5.337711600904738053e-05,5.349999999999999895e-02
-1.105310595322664291e+01,-1.263278062863134113e-02,6.045005332617824989e-05,5.349999999999999895e-02
-1.147901501823207404e+01,-5.477580280690491632e-02,3.023543595085225870e-05,5.349999999999999895e-02
-9.594855249164167432e+00,3.241056921382197073e-03,9.186840173257645363e-05,5.349999999999999895e-02
-9.838658824926884705e+00,-4.284558501701694888e-02,6.853622967509969462e-05,5.349999999999999895e-02
-1.131050052979627196e+01,-4.640454409685354498e-02,4.137695553789908181e-05,5.349999999999999895e-02
-9.269198195674672291e+00,-1.975099058274538619e-02,8.461986066293979917e-05,5.349999999999999895e-02
-1.086349295691657169e+01,2.597845982664813771e-03,7.678917929187058840e-05,5.349999999999999895e-02
-1.080382964836322479e+01,-3.057375613208579770e-02,5.697672277471929121e-05,5.349999999999999895e-02
-1.016761675303071577e+01,-5.614972352429721536e-02,5.692083280175044369e-05,5.349999999999999895e-02
-1.088743707223816948e+01,-2.424472191413003935e-02,5.793859149544153427e-05,5.349999999999999895e-02
-1.043603593113941486e+01,-3.129457752923833075e-02,6.602374668136266954e-05,5.349999999999999895e-02
-7.734562373683553815e+00,1.201229657860970225e-02,1.342404102772055084e-04,5.349999999999999895e-02
-1.082376571184483893e+01,-3.102526987822706514e-02,5.555877643219215954e-05,5.349999999999999895e-02
-1.158652033762185596e+01,7.731769319434482870e-04,6.947699824790769913e-05,5.349999999999999895e-02
-9.466429362712119655e+00,-2.172374675731988600e-02,8.733430015813986710e-05,5.349999999999999895e-02
-1.045538026511135499e+01,-2.122910947448709840e-02,6.668122850814450211e-05,5.349999999999999895e-02
-1.196921712547755412e+01,-4.329977661737748756e-02,2.707272786502188370e-05,5.349999999999999895e-02
-1.264037448785939866e+01,-3.033025957539977821e-02,2.621976115734505974e-05,5.349999999999999895e-02
-9.225510389363002162e+00,1.327718431909964691e-02,1.065063666546201579e-04,5.349999999999999895e-02
-9.786836115375669110e+00,-1.975986819783222270e-02,8.315851274747226732e-05,5.349999999999999895e-02
-9.527107040567528884e+00,-4.420726209921538308e-03,9.424079386391112385e-05,5.349999999999999895e-02
-8.100312225628927720e+00,-8.331262498711421854e-03,1.168744635040670294e-04,5.349999999999999895e-02
-1.104876422811329384e+01,-1.273716276011380502e-02,6.385722320888588576e-05,5.349999999999999895e-02
-9.446538619030212303e+00,-3.419289657785551384e-02,7.815643189147039713e-05,5.349999999999999895e-02
-9.375126913019427022e+00,-3.958605744229191752e-03,9.729478446495434709e-05,5.349999999999999895e-02
-9.353630543083623294e+00,-1.480904380642688624e-02,9.202823485361678586e-05,5.349999999999999895e-02
-9.320831120633167544e+00,-3.925309933983096161e-02,7.787756711917953904e-05,5.349999999999999895e-02
-1.068822056748045846e+01,-2.274161427705590280e-02,6.581490757733144791e-05,5.349999999999999895e-02
-1.135097043117345983e+01,-2.169489243471025078e-02,5.148095470727571417e-05,5.349999999999999895e-02
-1.098507133342711484e+01,-5.517443857613882341e-02,3.584652018393822347e-05,5.349999999999999895e-02
-1.172647429254442564e+01,-3.511571401571397799e-02,3.628459327430023148e-05,5.349999999999999895e-02
-1.048973139499565121e+01,-1.386186611600427436e-02,7.481727812524740010e-05,5.349999999999999895e-02
-8.429745319996500896e+00,1.428109964690719123e-03,1.226658382615960065e-04,5.349999999999999895e-02
-1.174673046019549894e+01,-6.197194635012889807e-02,2.529722735267590596e-05,5.349999999999999895e-02
-8.724459613343503506e+00,-2.973684120832523897e-02,9.337858646984203612e-05,5.349999999999999895e-02
-1.062189293013971891e+01,-4.417056839336003932e-02,5.168801186535727912e-05,5.349999999999999895e-02
-1.058465414432096807e+01,-3.882194825104391678e-02,5.458016314881349235e-05,5.349999999999999895e-02
-9.747574246163804190e+00,-4.131427308479463517e-02,6.776066969823763583e-05,5.349999999999999895e-02
-1.119200491749444204e+01,-4.822984509423101224e-02,3.867139905083071249e-05,5.349999999999999895e-02
-1.039195206854619791e+01,-9.347949683754217670e-03,7.698549361794091057e-05,5.349999999999999895e-02
-9.670739999377442331e+00,3.230517948799446152e-03,9.253863720177027147e-05,5.349999999999999895e-02
-1.161839183102373951e+01,-2.477555727709335881e-02,4.567672229303714956e-05,5.349999999999999895e-02
-1.007841382387573326e+01,-3.623239841018497526e-02,6.693362818573501526e-05,5.349999999999999895e-02
-1.101416028497608401e+01,-2.736948310965291523e-02,5.238346468687186372e-05,5.349999999999999895e-02
-9.280136681877229066e+00,-4.813326505305839421e-03,9.706669206734660875e-05,5.349999999999999895e-02
-1.029350662690263718e+01,-1.216714599777596328e-02,8.054890691223862804e-05,5.349999999999999895e-02
-1.117124213770393837e+01,-1.573503345944698290e-02,5.628573986093629057e-05,5.349999999999999895e-02
-9.337063708874769219e+00,-8.142665290394214203e-03,9.692045272530409091e-05,5.349999999999999895e-02
-1.125692941855846385e+01,-1.990221704708416972e-02,5.308625739168584552e-05,5.349999999999999895e-02
-1.260527985001737505e+01,-6.999089442782560622e-02,8.713040654999973570e-07,5.349999999999999895e-02
-1.285627027406368761e+01,-4.756910013190467079e-02,7.561792986789715005e-06,5.349999999999999895e-02
-1.029251430790843891e+01,-4.690029637835486757e-03,8.418446372540570985e-05,5.349999999999999895e-02
-1.087594271219831121e+01,-8.926708216221174857e-03,6.898930394889423790e-05,5.349999999999999895e-02
-1.133642333954779247e+01,-2.351418403621378592e-03,6.670299203295423657e-05,5.349999999999999895e-02
-1.077842115390842714e+01,-2.300543918003000732e-02,6.323369814628798245e-05,5.349999999999999895e-02
-1.005781946930320458e+01,-2.480913275242268082e-02,7.099545244814235419e-05,5.349999999999999895e-02
-8.381267889863975640e+00,-3.175236056311239036e-02,9.811534717136058013e-05,5.349999999999999895e-02
-1.276384847084625740e+01,-7.349984197194608937e-02,-3.702106558559400844e-06,5.349999999999999895e-02
-1.159413490882039000e+01,-3.799162273675160684e-02,4.071208290750687485e-05,5.349999999999999895e-02
-1.162696943576525044e+01,-5.334956019565507274e-02,3.270904511084691700e-05,5.349999999999999895e-02
-1.045901508321605178e+01,-1.291447549823211000e-02,6.786843771153934469e-05,5.349999999999999895e-02
-1.001343677216955541e+01,-1.121986313790747543e-02,8.053819257685328843e-05,5.349999999999999895e-02
-1.235468721615143650e+01,-7.023683936253262428e-02,1.049922693191618955e-05,5.349999999999999895e-02
-9.858296050019960788e+00,-1.235850689859340108e-02,8.342182356054785551e-05,5.349999999999999895e-02
-1.077450138202178920e+01,-1.274074360463525388e-02,6.576531764763764946e-05,5.349999999999999895e-02
-1.226992890014988191e+01,-7.154201269866430901e-02,5.692116483777134801e-06,5.349999999999999895e-02
-1.018664552220352171e+01,-2.424668712480661237e-02,7.371645743209611821e-05,5.349999999999999895e-02
-1.137108119602886269e+01,-8.986806847225718708e-02,8.858189211421218568e-06,5.349999999999999895e-02
-9.364765290300836043e+00,-2.346736605059912203e-02,8.167380241787298046e-05,5.349999999999999895e-02
-1.109472416549934337e+01,-3.134234667098213106e-02,5.087126482966004755e-05,5.349999999999999895e-02
-1.076796068484283708e+01,-4.210678144290044833e-02,4.862201437248629742e-05,5.349999999999999895e-02
-1.004739469790055040e+01,-1.864054308574931984e-02,8.069895310065885346e-05,5.349999999999999895e-02
-1.029242001613932267e+01,2.277372919633982411e-03,8.634143564271027954e-05,5.349999999999999895e-02
-9.791623223221055383e+00,-3.263872425377480069e-02,7.425205029429460105e-05,5.349999999999999895e-02
-1.117246958328759732e+01,-4.220623886422177756e-02,4.267939613618111129e-05,5.349999999999999895e-02
-1.027829968346032352e+01,-2.933788894128584041e-02,6.783103513973642526e-05,5.349999999999999895e-02
-1.206580093158293110e+01,-5.622913717648602566e-02,1.777794456138198713e-05,5.349999999999999895e-02
-9.738241557742343346e+00,7.747958700879123070e-03,9.883730947894190625e-05,5.349999999999999895e-02
-6.873971987897293801e+00,-1.255334865179605179e-02,1.355012492694401610e-04,5.349999999999999895e-02
-9.728380475055084631e+00,-1.363197802483307255e-02,8.670707625302483124e-05,5.349999999999999895e-02
-1.008452183418114068e+01,-1.119043864359528691e-02,8.118195287044358097e-05,5.349999999999999895e-02
-9.752153379757624307e+00,-2.156842326216439759e-02,8.531531233822183371e-05,5.349999999999999895e-02
-9.953274090994911560e+00,-2.504303230402712271e-02,7.618269566329848844e-05,5.349999999999999895e-02
-1.151620381659059511e+01,-4.421591032566616480e-02,3.859550043677242409e-05,5.349999999999999895e-02
-1.049945249315343609e+01,-3.630350725637253306e-02,5.745342865657720056e-05,5.349999999999999895e-02
-1.193629578310173223e+01,-4.272151177541261280e-02,3.207201680435151710e-05,5.349999999999999895e-02
-1.042015019866063419e+01,-4.807783153665071835e-02,5.513820765427806321e-05,5.349999999999999895e-02
-8.296862221391814174e+00,-5.059969132862653096e-02,8.556586396958707364e-05,5.349999999999999895e-02
-1.101370292808183393e+01,-3.395763445327801971e-02,5.614654658141370242e-05,5.349999999999999895e-02
-1.136573773829609024e+01,-3.400478070976459266e-02,4.345271797943806594e-05,5.349999999999999895e-02
-9.254072426974342847e+00,-2.422905264581098547e-02,8.350801176795985764e-05,5.349999999999999895e-02
-1.104821795223448966e+01,-2.671820114099789784e-02,5.305196270773967571e-05,5.349999999999999895e-02
-1.124088269712637533e+01,-4.434049343544529953e-02,4.100727909699849848e-05,5.349999999999999895e-02
-1.072357677587580049e+01,-7.917310007945842221e-03,6.886468054821870053e-05,5.349999999999999895e-02
-9.045324966413399892e+00,-1.289408764453345464e-02,9.585706807471872776e-05,5.349999999999999895e-02
-1.032421469182029838e+01,-1.003635900790171911e-02,8.003342732569790948e-05,5.349999999999999895e-02
-1.350777133168038979e+01,-6.110689865123417747e-02,-1.095925795150585642e-05,5.349999999999999895e-02
-1.000843377454256888e+01,-2.484155334403228069e-02,7.470177990145168972e-05,5.349999999999999895e-02
-8.291821667997975709e+00,-6.846395827806214113e-03,1.138399824562562199e-04,5.349999999999999895e-02
-9.220957260127406130e+00,6.437553973513637263e-03,1.042870059617262836e-04,5.349999999999999895e-02
-1.200230518004983260e+01,-3.621129845775823697e-02,3.100190191329766439e-05,5.349999999999999895e-02
-1.062840703602025982e+01,-2.616765401862432630e-02,6.190707065290312644e-05,5.349999999999999895e-02
-8.451341619607893207e+00,-5.144034663823492115e-02,8.395229705178319421e-05,5.349999999999999895e-02
-1.126321700862287756e+01,-3.252138769398058710e-02,4.691660815262042178e-05,5.349999999999999895e-02
-1.120391310553733710e+01,-3.897975180009267959e-02,4.341950303307305344e-05,5.349999999999999895e-02
-9.742280834719956317e+00,-2.492616082405613165e-02,7.965909599820713627e-05,5.349999999999999895e-02
-1.052812782121024426e+01,-3.175954857370330564e-02,6.210962491157621891e-05,5.349999999999999895e-02
-1.128644659919780224e+01,-4.915113737503894881e-02,3.827638321381710132e-05,5.349999999999999895e-02
-1.012499681348379177e+01,-1.909553022899507582e-02,7.742002740983202746e-05,5.349999999999999895e-02
-1.047406227524343159e+01,-2.979708875555974260e-02,5.995939936325095137e-05,5.349999999999999895e-02
-1.065839288197639867e+01,-3.048257709972677226e-02,5.663853597085258837e-05,5.349999999999999895e-02
-7.293927487464115345e+00,-1.295899201701096286e-02,1.304889437756881086e-04,5.349999999999999895e-02
-1.157674955836469444e+01,-2.498640463010895485e-02,5.055841540391397095e-05,5.349999999999999895e-02
-1.077227338597700523e+01,-3.329634482633985620e-02,5.956291786517586959e-05,5.349999999999999895e-02
-1.099972089598694325e+01,-1.955659827515332516e-02,6.115940783156399968e-05,5.349999999999999895e-02
-1.043089680286305132e+01,-2.462184842920363617e-02,6.751843601099816617e-05,5.349999999999999895e-02
-9.020181425031688960e+00,1.083392783310695683e-03,1.067469226912128472e-04,5.349999999999999895e-02
-1.211829685407766100e+01,-3.816344292974335056e-02,2.965964748646708304e-05,5.349999999999999895e-02
-1.012768526492773979e+01,-2.263548013932829492e-02,7.301439348350720023e-05,5.349999999999999895e-02
-9.813743003658931485e+00,2.656954153329733458e-03,9.703816912905609867e-05,5.349999999999999895e-02
-1.192948645950087538e+01,-2.808493539784672269e-02,4.122126787664652785e-05,5.349999999999999895e-02
-1.167863430991962659e+01,-5.442049964824394181e-02,2.865417298795538495e-05,5.349999999999999895e-02
-1.222227225707204568e+01,-4.008313534816890927e-02,2.762332720234481829e-05,5.349999999999999895e-02
-1.064434545843214863e+01,-2.199297748329863064e-02,6.699886688317864189e-05,5.349999999999999895e-02
-1.036740969718653282e+01,-6.086298869553142567e-03,8.158539835198544356e-05,5.349999999999999895e-02
-9.588331635737761260e+00,7.653913330305197292e-03,1.019612439260385290e-04,5.349999999999999895e-02
-8.745452985169478666e+00,-2.056790457433398112e-02,9.638097740174159577e-05,5.349999999999999895e-02
-1.154092120629426432e+01,-3.516023034490108751e-02,4.103601968695192299e-05,5.349999999999999895e-02
-9.169452778146180094e+00,-9.284239026150614346e-03,1.010047293023620153e-04,5.349999999999999895e-02
-1.198801307859113408e+01,-5.946824539387248615e-02,2.188334870013589821e-05,5.349999999999999895e-02
-1.099142562380884947e+01,-3.440906034564880644e-02,5.133186785631593232e-05,5.349999999999999895e-02
-1.109593920350630114e+01,-2.259692876866914099e-02,5.511168772555207217e-05,5.349999999999999895e-02
-1.067031995286548707e+01,-1.447647062025109177e-02,6.564902918939697404e-05,5.349999999999999895e-02
-8.382570910723629254e+00,2.678101942055379023e-03,1.198808833750559090e-04,5.349999999999999895e-02
-1.119637885891106777e+01,-1.887391438723863557e-02,5.253537262273384073e-05,5.349999999999999895e-02
-9.841293057111894171e+00,-2.630346661014066473e-02,7.528505735747647004e-05,5.349999999999999895e-02
-1.164733716016101717e+01,-5.521378587521636599e-02,2.630176174129905719e-05,5.349999999999999895e-02
-1.175748596169352034e+01,-3.540407132396750089e-02,3.353468813610662396e-05,5.349999999999999895e-02
-1.083057678501488041e+01,-2.523358290130187781e-02,5.721510843076585152e-05,5.349999999999999895e-02
-1.049554543327490208e+01,-3.123594802754296046e-02,6.836794265820726150e-05,5.349999999999999895e-02
-1.130103326949889642e+01,-5.705711493592466321e-02,2.852090544918288684e-05,5.349999999999999895e-02
-9.099839858347083421e+00,-1.492883167305030423e-04,1.066668571147126176e-04,5.349999999999999895e-02
-1.158627801691493175e+01,-3.953450543303801273e-02,4.120850416564269473e-05,5.349999999999999895e-02
-1.266498492449964175e+01,-4.045510483283907416e-02,1.645164026967369742e-05,5.349999999999999895e-02
-1.085122870996379874e+01,-3.313373128139164570e-02,5.550838151895340377e-05,5.349999999999999895e-02
-1.088971792672763250e+01,-2.552536216269657085e-02,5.965851773092122832e-05,5.349999999999999895e-02
-9.403371567275012666e+00,-9.135432146626725272e-03,9.495367941616607874e-05,5.349999999999999895e-02
-1.084890221642568164e+01,-2.037141222612893696e-02,6.163358620040296795e-05,5.349999999999999895e-02
-1.042493826785440270e+01,-1.726634774418487478e-02,6.969838486747230585e-05,5.349999999999999895e-02
-1.028283749051853668e+01,6.673575348622213729e-03,8.685453534691162266e-05,5.349999999999999895e-02
-1.144132913598698487e+01,-4.184220594968143803e-02,3.701234835388846393e-05,5.349999999999999895e-02
-9.042267078099706978e+00,-2.396647592690961948e-02,9.181310951310511033e-05,5.349999999999999895e-02
-8.334188633199840268e+00,5.968639699353138310e-03,1.227823731520129964e-04,5.349999999999999895e-02
-9.977143270975860290e+00,-2.375188351101454459e-02,7.415065241671098750e-05,5.349999999999999895e-02
-9.591370936856316476e+00,-2.343962192319797022e-02,8.059677978576122975e-05,5.349999999999999895e-02
-1.110385709317806224e+01,-8.188110936370148266e-03,6.775444235282124499e-05,5.349999999999999895e-02
-1.138628728347167574e+01,-3.799786629766955387e-02,3.802999150750394639e-05,5.349999999999999895e-02
-1.003423144918967580e+01,-1.324083707300013901e-02,8.093429460621112508e-05,5.349999999999999895e-02
-1.249441575862051224e+01,-8.875578549271377626e-02,-7.921980115498639504e-06,5.349999999999999895e-02
-9.370171041465077622e+00,-3.466722434491393157e-03,1.010768455295481299e-04,5.349999999999999895e-02
-1.072420475121408501e+01,-2.565011939277367023e-02,6.303083625986964536e-05,5.349999999999999895e-02
-1.142039335581462112e+01,-3.082708569083938976e-02,4.639833113255366728e-05,5.349999999999999895e-02
-9.170449930314116926e+00,-2.140378356419160577e-02,8.822360578392909479e-05,5.349999999999999895e-02
-1.087540469925365194e+01,-2.275435352060899835e-02,6.511351940612364602e-05,5.349999999999999895e-02
-9.544727284573175652e+00,-3.659727685601370240e-02,7.310650103560035248e-05,5.349999999999999895e-02
-1.069776774811330711e+01,-2.569900445400912989e-02,6.237108600744998503e-05,5.349999999999999895e-02
-9.103199572645317872e+00,-1.809347746378616589e-02,9.459790289577999476e-05,5.349999999999999895e-02
-1.046335806874544794e+01,3.416863608110652564e-03,8.365442626245849942e-05,5.349999999999999895e-02
-1.115658315310103355e+01,-3.774403368771523520e-02,4.737904782150541738e-05,5.349999999999999895e-02
-1.185677328382777596e+01,-4.315824960470786287e-02,2.807258703325690279e-05,5.349999999999999895e-02
-9.766559086102054366e+00,5.896880078148223313e-03,1.001467994195654701e-04,5.349999999999999895e-02
-8.149051145923875694e+00,7.965174449342414184e-03,1.267602684225344837e-04,5.349999999999999895e-02
-1.252561668546324469e+01,-5.228081967962206617e-02,1.970174645179584486e-05,5.349999999999999895e-02
-8.564960066817615569e+00,-2.388163754004170303e-02,9.983696019227177325e-05,5.349999999999999895e-02
-9.626463924845225506e+00,-3.801490522283461088e-03,9.397109825711767793e-05,5.349999999999999895e-02
-8.716165554177928598e+00,-1.262937582899433800e-03,1.084790655772979213e-04,5.349999999999999895e-02
-1.059056179201949988e+01,-3.326141483338542620e-02,5.985788420079247155e-05,5.349999999999999895e-02
-1.075097553235863224e+01,-5.327597967162455567e-02,3.823456035182670043e-05,5.349999999999999895e-02
-1.085208728388977129e+01,3.982412664154636622e-04,7.625682149882684606e-05,5.349999999999999895e-02
-9.454831936350936772e+00,-3.629221790846234863e-02,7.932150422193603599e-05,5.349999999999999895e-02
-1.025499887819643874e+01,-8.060600047022902295e-03,8.486946352792856818e-05,5.349999999999999895e-02
-1.143731131628727837e+01,-4.509090042342406984e-02,4.040378997504799532e-05,5.349999999999999895e-02
-1.138946414568346910e+01,-4.918758611753382137e-02,3.336333023448983127e-05,5.349999999999999895e-02
-9.644158372463488504e+00,-1.333409682953487670e-02,8.412906104822522513e-05,5.349999999999999895e-02
-9.740140432640156831e+00,-1.052205610887085863e-02,9.073078168082097657e-05,5.349999999999999895e-02
-1.461378914030307818e+01,-9.722347221517671501e-02,-5.052404245668781627e-05,5.349999999999999895e-02
-1.178090228719023536e+01,-2.380962723998783157e-02,4.861062530171220082e-05,5.349999999999999895e-02
-1.171884416694910414e+01,-3.985211171531184010e-02,3.962605397428882730e-05,5.349999999999999895e-02
-9.606490828600239951e+00,-4.814912920413880887e-02,6.600305377219571926e-05,5.349999999999999895e-02
-1.115484766048272114e+01,-3.324701965230102141e-02,5.390753677912888097e-05,5.349999999999999895e-02
-1.092072033733063918e+01,-1.823748444660504980e-02,6.147289400918166350e-05,5.349999999999999895e-02
-1.137861237618030685e+01,-1.069964800236561028e-02,6.118968259403117062e-05,5.349999999999999895e-02
-1.121654824894241820e+01,-5.301900391674692348e-02,3.206855150901680520e-05,5.349999999999999895e-02
-9.384555745200747978e+00,-1.463441669752683395e-02,9.130365162088361112e-05,5.349999999999999895e-02
-9.857250299858176135e+00,2.980706075807683549e-04,8.382085261090423535e-05,5.349999999999999895e-02
-1.125306959193173917e+01,-6.183797504724636296e-02,2.907128601407877756e-05,5.349999999999999895e-02
-1.106703204818894903e+01,-3.470842154327403312e-02,5.121367681713925884e-05,5.349999999999999895e-02
-1.057235007847003239e+01,-5.098440611776648701e-02,4.881050267819147289e-05,5.349999999999999895e-02
-1.078850717722927754e+01,-4.326211904670463487e-02,4.553784917205433007e-05,5.349999999999999895e-02
-7.575820673687329254e+00,-8.462337085276251669e-03,1.256611069772042507e-04,5.349999999999999895e-02
-1.115491649230979121e+01,-3.872426630380711166e-02,4.170524502036714254e-05,5.349999999999999895e-02
-1.036829048785308061e+01,-5.709012130502755938e-02,4.708230257553967048e-05,5.349999999999999895e-02
-1.135729106421773871e+01,-4.217479782250781184e-02,4.249718838872735069e-05,5.349999999999999895e-02
-1.090483300278499890e+01,-3.842627847036165362e-02,5.362030543886180963e-05,5.349999999999999895e-02
-1.052672645128749629e+01,-2.582654124136236559e-02,6.061483342725489560e-05,5.349999999999999895e-02
-1.060452462880596869e+01,-2.298324197111356604e-02,6.702487428768993429e-05,5.349999999999999895e-02
-1.242214500640281472e+01,-3.917475105506530719e-02,2.566913121704990852e-05,5.349999999999999895e-02
-1.199451810371051685e+01,-2.862604661397913364e-02,4.188011622619811856e-05,5.349999999999999895e-02
-1.090777158550221060e+01,-5.946035381372852258e-03,6.928748452105683710e-05,5.349999999999999895e-02
-8.703402026910143974e+00,-2.910160669658618318e-02,9.470187061239935243e-05,5.349999999999999895e-02
-1.084798708946879664e+01,-4.033738179844286592e-02,4.854460549378330781e-05,5.349999999999999895e-02
-1.053854024069105044e+01,-3.198807336069307838e-02,6.275942633358677419e-05,5.349999999999999895e-02
-9.215116749660033690e+00,6.784625023537394113e-03,1.072372481676372411e-04,5.349999999999999895e-02
-8.481597841947344563e+00,-3.115812866318808712e-03,1.128111163909447349e-04,5.349999999999999895e-02
-1.157020581327655151e+01,-3.078184756581500703e-02,4.513988396559987865e-05,5.349999999999999895e-02
-9.251528276885846225e+00,-4.430163586122416036e-02,7.655723416725257024e-05,5.349999999999999895e-02
-1.025187507104305240e+01,-9.643285511243705060e-03,8.260852965802104801e-05,5.349999999999999895e-02
-1.099338463958879508e+01,-3.842358288771548919e-02,5.067489983015771539e-05,5.349999999999999895e-02
-1.095501261142844740e+01,-1.434606753890249782e-02,6.522647823574885550e-05,5.349999999999999895e-02
-1.110480036386458735e+01,-3.555911697592201159e-02,4.745041742100548384e-05,5.349999999999999895e-02
-9.977746635642244399e+00,-1.838244808286197338e-02,7.880856330048277819e-05,5.349999999999999895e-02
-1.085607074789824900e+01,-9.852064557272662698e-03,6.556602793148599720e-05,5.349999999999999895e-02
-9.323019201864033434e+00,-6.133925827797637002e-03,9.145089433235039115e-05,5.349999999999999895e-02
-1.039369968048633375e+01,-1.901677797291620453e-02,7.146371382776079328e-05,5.349999999999999895e-02
-1.062406344211470355e+01,-3.242626959528221997e-02,5.704978932921187114e-05,5.349999999999999895e-02
-9.634740479268900870e+00,1.290944370671903881e-02,1.003954068031264802e-04,5.349999999999999895e-02
-8.448040250177697885e+00,-3.343620740675197489e-02,9.777573185817581931e-05,5.349999999999999895e-02
-8.682220929038821922e+00,-1.479789841786789163e-02,9.823297441275143202e-05,5.349999999999999895e-02
-1.022406772385018492e+01,-1.160718684160698747e-02,7.633758602422801621e-05,5.349999999999999895e-02
-1.071334287338760127e+01,-2.441350562146512443e-02,5.695128393377931072e-05,5.349999999999999895e-02
-9.777752112687977615e+00,-2.269815706414464798e-02,7.825125026178508412e-05,5.349999999999999895e-02
-1.084443249149890676e+01,-5.556220195423379471e-02,4.185145410038440707e-05,5.349999999999999895e-02
-1.140027087474077661e+01,-3.805280475646264510e-02,4.100814064676415742e-05,5.349999999999999895e-02
-7.379851792611982653e+00,-2.772523380623623159e-03,1.308715153198144771e-04,5.349999999999999895e-02
-1.111611146006364415e+01,-2.853002669967308336e-02,4.900898811014835254e-05,5.349999999999999895e-02
-1.111554028786865267e+01,-2.758288530187786441e-02,5.109092789218149357e-05,5.349999999999999895e-02
-1.077656093935618387e+01,-2.007159320328445046e-02,6.083452449155871231e-05,5.349999999999999895e-02
-1.020605266417323165e+01,-3.019165030407898465e-02,6.735364359839203226e-05,5.349999999999999895e-02
-9.263240157521947182e+00,-4.037913999147215577e-02,8.053793204941856626e-05,5.349999999999999895e-02
-1.113782730092229833e+01,-2.024467979615347454e-02,5.711812602917120719e-05,5.349999999999999895e-02
-1.087993980209357581e+01,-6.155006459674694508e-02,3.857613758484190058e-05,5.349999999999999895e-02
-1.108437809468030188e+01,-4.481894922327687297e-02,4.775805829380576931e-05,5.349999999999999895e-02
-1.213698050545434803e+01,-4.907927028844310396e-02,2.169962204067122369e-05,5.349999999999999895e-02
-9.539386276642360940e+00,-1.943901015908826649e-02,8.848294143785114928e-05,5.349999999999999895e-02
-1.028814956542937509e+01,-3.713292917825464917e-02,5.858084677912436339e-05,5.349999999999999895e-02
-1.091130600923909633e+01,-3.161302156590467972e-03,6.624481878198653164e-05,5.349999999999999895e-02
-1.103658751948882610e+01,-2.009458005404408595e-02,5.890956672917877814e-05,5.349999999999999895e-02
-1.210221778472735643e+01,-3.577571386762942035e-02,3.338988682024430918e-05,5.349999999999999895e-02
-1.039391020239418495e+01,-2.332403682211476453e-02,6.877535714122062749e-05,5.349999999999999895e-02
-1.047083971668052271e+01,-5.516660779415075849e-02,4.691639986176972222e-05,5.349999999999999895e-02
-9.719391135668447035e+00,-1.289428662224426959e-02,8.402826939251765461e-05,5.349999999999999895e-02
-8.682367675750382929e+00,-1.856205503004056123e-02,1.008762111179775390e-04,5.349999999999999895e-02
-9.744426753383175210e+00,-2.887804189639625249e-02,7.233549834771861912e-05,5.349999999999999895e-02
-9.077339668729985434e+00,-1.006120794874247951e-02,9.889401138452848445e-05,5.349999999999999895e-02
-1.133331410320668908e+01,-6.603699299393790689e-02,2.563952768498961311e-05,5.349999999999999895e-02
-8.499565745380623483e+00,-3.002632460060044445e-02,9.886366404968789624e-05,5.349999999999999895e-02
-1.006460842934276556e+01,-1.324648369114759562e-02,7.796184304799314479e-05,5.349999999999999895e-02
-1.133392414610050913e+01,-1.887937982310338575e-02,5.545109893658443792e-05,5.349999999999999895e-02
-1.093892587089190371e+01,-6.586766806771980620e-02,3.130815243043508775e-05,5.349999999999999895e-02
-1.077661321699527619e+01,-7.787732291594014894e-03,7.165793334702632959e-05,5.349999999999999895e-02
-9.396940545428101643e+00,-3.986189735213412078e-02,7.770323607255034059e-05,5.349999999999999895e-02
-1.178960435148879782e+01,-5.733340416513570820e-02,2.476416994203335491e-05,5.349999999999999895e-02
-9.706846521863305099e+00,-2.730697860204587407e-02,7.641901338235480953e-05,5.349999999999999895e-02
-9.891399281072859040e+00,-4.799287931974527410e-02,6.317253374116378552e-05,5.349999999999999895e-02
-1.169433623949311674e+01,-3.715783761980946676e-02,3.528124806618805056e-05,5.349999999999999895e-02
-1.180093983652156453e+01,-8.342456889178279447e-03,5.416276665680572845e-05,5.349999999999999895e-02
-1.022665362110134701e+01,-2.816734606858050174e-02,6.819965306761093730e-05,5.349999999999999895e-02
-1.030669782073023732e+01,-3.410785256672419635e-02,6.490597368286880507e-05,5.349999999999999895e-02
-1.279582019476153576e+01,-6.964927229268709497e-02,-2.294474865822310594e-06,5.349999999999999895e-02
-1.088782491321274648e+01,-4.529100011142958571e-02,4.636370027353402810e-05,5.349999999999999895e-02
-1.004614519654910509e+01,-2.910575517679580768e-02,6.930351588636205493e-05,5.349999999999999895e-02
-1.091590653127977184e+01,-2.909720315821424930e-02,5.988988427647635857e-05,5.349999999999999895e-02
-1.011815020408445776e+01,-1.815029995110896410e-02,7.521652706431216349e-05,5.349999999999999895e-02
-8.625862799136850612e+00,-1.684955539838163888e-02,1.046406920733307329e-04,5.349999999999999895e-02
-1.035243506326501972e+01,-2.204718364551105578e-02,7.286200291289035536e-05,5.349999999999999895e-02
-9.224253848656765342e+00,-6.437389579277026479e-03,9.756343757178537917e-05,5.349999999999999895e-02
-1.054668333503329158e+01,-3.781769684792744141e-02,5.754914482757557181e-05,5.349999999999999895e-02
-1.126797826205485897e+01,-3.535938977151772966e-02,4.259689679679539716e-05,5.349999999999999895e-02
-9.126779036214559326e+00,-1.188856153283741370e-02,9.523935409785234528e-05,5.349999999999999895e-02
-1.027236898411547550e+01,-2.268248312921592250e-02,7.640102591057716674e-05,5.349999999999999895e-02
-9.615376572176707271e+00,-4.479637406846709302e-02,7.370403362657713356e-05,5.349999999999999895e-02
-1.170896371054400653e+01,-4.977099415339630850e-02,2.653604258217923239e-05,5.349999999999999895e-02
-1.033734064649560302e+01,-3.448391983251919424e-02,6.729177819764983737e-05,5.349999999999999895e-02
-1.012878654721704663e+01,-2.346525798125484799e-02,7.169424822108838612e-05,5.349999999999999895e-02
-1.124748488785592393e+01,-4.430746160610089801e-02,3.843496062623555197e-05,5.349999999999999895e-02
-9.097600915699102231e+00,-5.586038021291942629e-02,7.058680374089459073e-05,5.349999999999999895e-02
-9.732657616104074094e+00,-1.511075237012787266e-02,8.658249406898212955e-05,5.349999999999999895e-02
-1.081571527484609341e+01,-2.380073551882038937e-02,6.437861352869906273e-05,5.349999999999999895e-02
-1.013760427350302251e+01,-3.269547688773791205e-02,7.134124071073433802e-05,5.349999999999999895e-02
-1.130910492810550849e+01,-2.744472894977891334e-02,4.909836163932248171e-05,5.349999999999999895e-02
-1.050443839538296409e+01,-2.240171012111564358e-02,6.613462325660096565e-05,5.349999999999999895e-02
-1.119349039565980064e+01,-1.446424986299261160e-02,5.700902519068773411e-05,5.349999999999999895e-02
-1.081434950935134331e+01,-3.954387322827527390e-02,5.116256304797277060e-05,5.349999999999999895e-02
-1.049166696228938633e+01,-2.772763444326874910e-02,6.702893147244816028e-05,5.349999999999999895e-02
-1.280032445784109640e+01,-4.035511525415894085e-02,1.778529890754909943e-05,5.349999999999999895e-02
-9.716468387333410561e+00,-3.962812637745289496e-02,7.032970819804803999e-05,5.349999999999999895e-02
-8.203844554369833730e+00,-4.225017418186102075e-02,9.107127546184515656e-05,5.349999999999999895e-02
-1.153957470324030687e+01,-2.306539350128666149e-02,4.667128272030764222e-05,5.349999999999999895e-02
-9.537990635273859041e+00,-3.713141319260059893e-03,9.900955444252177438e-05,5.349999999999999895e-02
-1.057902756643730591e+01,-2.799560065879691875e-02,6.291582758778862595e-05,5.349999999999999895e-02
-9.642198478546159635e+00,1.651353114136347444e-02,1.045372218979344944e-04,5.349999999999999895e-02
-1.040763549870377425e+01,-1.294367472804640144e-02,7.485995789911763394e-05,5.349999999999999895e-02
-1.122859134629143441e+01,-5.235456051523407900e-02,3.462530000009890160e-05,5.349999999999999895e-02
-1.010638176652104292e+01,-2.091793105567750152e-02,7.778313267767224487e-05,5.349999999999999895e-02
-1.112440969946284142e+01,-1.966994936818670242e-02,5.695902858586405099e-05,5.349999999999999895e-02
-1.053930704135718699e+01,-2.087229690046778566e-02,6.405899386252060447e-05,5.349999999999999895e-02
-8.374110344365652381e+00,-2.807572135688076939e-02,1.019763188389318198e-04,5.349999999999999895e-02
-8.616636567743482189e+00,9.582914988008610357e-03,1.179967239069480440e-04,5.349999999999999895e-02
-1.120780974892651471e+01,-5.545832896455396566e-03,6.422796879843483320e-05,5.349999999999999895e-02
-9.172031705093282028e+00,-2.540546001436558635e-02,8.269038362131275852e-05,5.349999999999999895e-02
-1.160237415117634008e+01,-2.442001931692546618e-02,4.739223349568365393e-05,5.349999999999999895e-02
-1.099578282490029402e+01,-9.888957770358775337e-03,6.877142657128217226e-05,5.349999999999999895e-02
-1.145079317905953964e+01,-4.487926114926506227e-02,3.570380549593003410e-05,5.349999999999999895e-02
-1.059869395624753707e+01,-5.246231212604848815e-02,4.605966390090224466e-05,5.349999999999999895e-02
-9.651063570657788304e+00,-2.801826074672387687e-02,7.645580903221577194e-05,5.349999999999999895e-02
-1.150665361735934056e+01,-5.206837470821703423e-02,3.028132959879576975e-05,5.349999999999999895e-02
-1.013058726053874459e+01,-9.934969778348713698e-03,8.304594127486829953e-05,5.349999999999999895e-02
-1.089623346822136796e+01,-2.276597769625564316e-02,6.242853625005593589e-05,5.349999999999999895e-02
-1.028946214493081612e+01,-3.209830345831037740e-02,6.713637065581608721e-05,5.349999999999999895e-02
-1.157000249701312455e+01,-3.666980905630744247e-02,3.767416870016959592e-05,5.349999999999999895e-02
-1.241372031932608522e+01,-5.373481227241299479e-02,1.763098426829258757e-05,5.349999999999999895e-02
-1.070099785295479400e+01,-4.379112398661459682e-02,4.888596322428190826e-05,5.349999999999999895e-02
-6.480631093010331689e+00,-7.125484904156285069e-03,1.493302702605529592e-04,5.349999999999999895e-02
-1.066112273225978235e+01,1.546954161162654526e-03,7.740388796835814898e-05,5.349999999999999895e-02
-1.145581312874605651e+01,-4.370063894281468048e-02,3.839590055570485155e-05,5.349999999999999895e-02
-9.464442602462675325e+00,-2.092123882559151007e-02,8.224123325096300587e-05,5.349999999999999895e-02
-1.071158565004623675e+01,-9.747505897009265535e-03,6.904976207147509330e-05,5.349999999999999895e-02
-1.168519467436998482e+01,-3.023415964220025481e-02,4.120755773918987524e-05,5.349999999999999895e-02
-1.071677306748143899e+01,-5.032521563648602488e-03,7.549963149111561453e-05,5.349999999999999895e-02
-1.014839319819711427e+01,-2.496678527998733021e-02,6.887960324040350046e-05,5.349999999999999895e-02
-1.109241437335071367e+01,-1.861060180845180295e-02,6.192044851750479672e-05,5.349999999999999895e-02
-1.281776315581497983e+01,-4.337360537175263125e-02,8.505613843907667654e-06,5.349999999999999895e-02
-1.076728333428247097e+01,-1.375477425819318471e-02,7.351394001064287791e-05,5.349999999999999895e-02
-9.728435092242390780e+00,-1.814387265963112242e-02,8.362763363397310778e-05,5.349999999999999895e-02
-1.210055827891168256e+01,-6.204787140431936715e-02,8.840319651402793081e-06,5.349999999999999895e-02
-1.055973405084987782e+01,-3.541527966197418470e-02,5.927308580052566040e-05,5.349999999999999895e-02
-1.184789655021789123e+01,-2.966180780135973735e-02,4.571765156534449398e-05,5.349999999999999895e-02
-1.079379023271858173e+01,-4.665283731158138825e-02,4.830626362630239612e-05,5.349999999999999895e-02
-1.195384082944230464e+01,-2.538873014073826651e-02,4.089064183056179185e-05,5.349999999999999895e-02
-1.016533742700456777e+01,-9.891795002671472520e-03,7.776896896420053414e-05,5.349999999999999895e-02
-1.215987724107023915e+01,-2.332774153214253396e-02,3.583046250920720341e-05,5.349999999999999895e-02
-1.147238905490888783e+01,-3.015598809625456150e-02,4.334506031137108341e-05,5.349999999999999895e-02
-1.228963293897375664e+01,-8.400018605582444675e-02,-8.397515483504952349e-07,5.349999999999999895e-02
-1.050334710293821416e+01,-3.894132608729512779e-02,5.616569039111533152e-05,5.349999999999999895e-02
-1.147045274416957206e+01,-6.151752235504434618e-02,2.595213141255286191e-05,5.349999999999999895e-02
-9.259807242211438805e+00,-2.211582364466205264e-02,8.940786105958743453e-05,5.349999999999999895e-02
-8.283372504972692951e+00,-1.347714188842139048e-03,1.189355506176834997e-04,5.349999999999999895e-02
-9.945703475338053323e+00,-5.726099265511302994e-02,5.344084526133353170e-05,5.349999999999999895e-02
-1.098303587509164636e+01,-5.107447044788016727e-02,4.342318322522058011e-05,5.349999999999999895e-02
-1.132415242397276423e+01,-2.258333863303618044e-02,5.270728405127002905e-05,5.349999999999999895e-02
-1.059796126436957486e+01,-5.508996140441114325e-02,4.753586715397060296e-05,5.349999999999999895e-02
-1.184305205827589447e+01,-3.917253946033914802e-02,3.549844735498840540e-05,5.349999999999999895e-02
-9.684581559904758663e+00,-2.127666927158905139e-02,8.169412416508809024e-05,5.349999999999999895e-02
-1.104123113883560414e+01,-5.183979184693480319e-02,3.714988298275472938e-05,5.349999999999999895e-02
-1.253060648120541742e+01,-4.731510356660276195e-02,1.748636388430408891e-05,5.349999999999999895e-02
-1.230545139499764140e+01,-4.348407853693730951e-02,2.769808966484436794e-05,5.349999999999999895e-02
-9.811774149477715312e+00,-3.117180536412301681e-02,7.523195506503942240e-05,5.349999999999999895e-02
-1.045448012371490520e+01,-1.823235077462835932e-03,8.116647409978443013e-05,5.349999999999999895e-02
-1.147893351810733087e+01,-4.121655759126398311e-02,3.974743300550925330e-05,5.349999999999999895e-02
-9.485701876694275114e+00,-3.601152507688106658e-02,7.602313633308180069e-05,5.349999999999999895e-02
-9.628789919831890032e+00,-8.543634640188703736e-03,9.011081353796841266e-05,5.349999999999999895e-02
-1.110352144384407502e+01,-5.337896952751840056e-04,7.031228799073901763e-05,5.349999999999999895e-02
-1.018527426707505157e+01,8.142922610657925622e-03,9.139257755843350117e-05,5.349999999999999895e-02
-1.048488351523229056e+01,-1.526533715449873534e-02,7.257655271960096813e-05,5.349999999999999895e-02
-1.102041114795961541e+01,-4.398941675976360960e-02,4.120559059464914340e-05,5.349999999999999895e-02
-1.031429790289785409e+01,-5.684104306930710948e-02,4.804163634490424305e-05,5.349999999999999895e-02
-1.069285428542988292e+01,-4.496517453081386173e-02,4.508892126020163537e-05,5.349999999999999895e-02
-8.168848664654213110e+00,8.932172708712566439e-03,1.285068997809727309e-04,5.349999999999999895e-02
-1.085857458963255695e+01,-3.468258109192304955e-02,5.179221920955741538e-05,5.349999999999999895e-02
-9.202379739289185068e+00,-3.655929159925352251e-02,8.113580056937179646e-05,5.349999999999999895e-02
-9.492929925059579332e+00,-3.904792533189991449e-02,6.877532340646193439e-05,5.349999999999999895e-02
-9.941504024278371432e+00,-2.507213359223840407e-02,7.638197985422103561e-05,5.349999999999999895e-02
-1.157129193978334492e+01,-4.701520849214523012e-02,3.505754824526561235e-05,5.349999999999999895e-02
-9.878196486924293751e+00,-1.181503412619117066e-02,8.388655599166891302e-05,5.349999999999999895e-02
-1.131763190508192274e+01,-2.392834727656817373e-02,5.331590193575221998e-05,5.349999999999999895e-02
-1.098396993751065587e+01,-1.097076463021913820e-02,6.447380004189493322e-05,5.349999999999999895e-02
-1.011644614257658858e+01,-1.542366771307093938e-02,8.045115718979730388e-05,5.349999999999999895e-02
-1.090594141766460190e+01,-3.501872659321150771e-02,5.222179527372959482e-05,5.349999999999999895e-02
