-1.446437523771508715e+01,-5.782806755353526833e-03,1.328239717472749818e-05,5.519999999999999907e-02
-1.446455206502313295e+01,-5.778899987832592303e-03,1.327936651762217180e-05,5.519999999999999907e-02
-1.446364173464366765e+01,-5.753079394478552606e-03,1.330711602140326267e-05,5.519999999999999907e-02
-1.446376475362921354e+01,-5.767588686012946678e-03,1.330068415628613969e-05,5.519999999999999907e-02
-1.446522238954265127e+01,-5.775672567743464145e-03,1.327464254062206997e-05,5.519999999999999907e-02
-1.446544793149541519e+01,-5.780179660212637037e-03,1.326715366101866622e-05,5.519999999999999907e-02
-1.446375522472070152e+01,-5.764835664722299177e-03,1.330260688460990385e-05,5.519999999999999907e-02
-1.446463604014657278e+01,-5.754188557281681229e-03,1.329231438426362658e-05,5.519999999999999907e-02
-1.446348924986459750e+01,-5.768075049478451830e-03,1.330251148494895457e-05,5.519999999999999907e-02
-1.446459086896449975e+01,-5.769142797007500469e-03,1.328743633703584054e-05,5.519999999999999907e-02
-1.446410476202210127e+01,-5.750943571064761999e-03,1.330096936977215223e-05,5.519999999999999907e-02
-1.446369690623114224e+01,-5.749773979503626335e-03,1.331149309166133535e-05,5.519999999999999907e-02
-1.446314112979276523e+01,-5.757987857636565933e-03,1.331246497829166122e-05,5.519999999999999907e-02
-1.446304377930832530e+01,-5.767693477205004630e-03,1.330736357190100583e-05,5.519999999999999907e-02
-1.446359341120727748e+01,-5.771495827125106004e-03,1.329870740083943082e-05,5.519999999999999907e-02
-1.446531880685646065e+01,-5.801693941405935105e-03,1.325924392970994537e-05,5.519999999999999907e-02
-1.446452236534207714e+01,-5.771685843240476066e-03,1.328422852648297156e-05,5.519999999999999907e-02
-1.446307689872735658e+01,-5.754263673818434122e-03,1.331472567258188848e-05,5.519999999999999907e-02
-1.446393492151487337e+01,-5.766997281240016787e-03,1.329722450143414946e-05,5.519999999999999907e-02
-1.446297277669971315e+01,-5.777563173978978242e-03,1.330360496503763039e-05,5.519999999999999907e-02
-1.446345214587186589e+01,-5.755584930117599481e-03,1.330954876015523410e-05,5.519999999999999907e-02
-1.446461347164058253e+01,-5.791884013476483566e-03,1.327325698893071035e-05,5.519999999999999907e-02
-1.446459807903924499e+01,-5.763728377168127540e-03,1.329111904848277591e-05,5.519999999999999907e-02
-1.446394106757804821e+01,-5.759837629017625603e-03,1.329775561091921169e-05,5.519999999999999907e-02
-1.446338192113273102e+01,-5.752319985836179712e-03,1.331081421104311703e-05,5.519999999999999907e-02
-1.446308703477166802e+01,-5.764441061394537380e-03,1.330788294037769839e-05,5.519999999999999907e-02
-1.446353067537880044e+01,-5.757088375613863412e-03,1.330970666832380022e-05,5.519999999999999907e-02
-1.446440511957024633e+01,-5.783381359476273166e-03,1.328082766085499753e-05,5.519999999999999907e-02
-1.446327948185513002e+01,-5.762854317335623471e-03,1.330951005379254432e-05,5.519999999999999907e-02
-1.446353234923804543e+01,-5.795169208555914046e-03,1.328302237124172337e-05,5.519999999999999907e-02
-1.446410605037367958e+01,-5.780301614540303036e-03,1.328711652225988392e-05,5.519999999999999907e-02
-1.446438793702506409e+01,-5.772697944049464715e-03,1.329043009710533878e-05,5.519999999999999907e-02
-1.446396089985222844e+01,-5.770240098965561705e-03,1.329483804008134745e-05,5.519999999999999907e-02
-1.446405724583376795e+01,-5.754829713044301055e-03,1.329885078152937434e-05,5.519999999999999907e-02
-1.446425298058919395e+01,-5.770182455459092752e-03,1.328942954201076832e-05,5.519999999999999907e-02
-1.446377885198698010e+01,-5.745712595533817614e-03,1.331154375746494460e-05,5.519999999999999907e-02
-1.446447067580262491e+01,-5.773570774398454654e-03,1.328534265483772196e-05,5.519999999999999907e-02
-1.446338342803286103e+01,-5.763483585651993715e-03,1.330737359870192011e-05,5.519999999999999907e-02
-1.446551366942194150e+01,-5.778771278193713112e-03,1.326966468771525463e-05,5.519999999999999907e-02
-1.446230017109337496e+01,-5.724179669620852069e-03,1.334349763887511243e-05,5.519999999999999907e-02
-1.446372736212345167e+01,-5.772730187331393675e-03,1.329739478284667028e-05,5.519999999999999907e-02
-1.446486210601229949e+01,-5.765860580855288603e-03,1.328768801783790945e-05,5.519999999999999907e-02
-1.446576122029264333e+01,-5.767949609267442566e-03,1.326860420109424914e-05,5.519999999999999907e-02
-1.446397364924411377e+01,-5.771531184987880800e-03,1.329310697590373104e-05,5.519999999999999907e-02
-1.446412003498593002e+01,-5.780527638644793013e-03,1.328857972842063261e-05,5.519999999999999907e-02
-1.446389504170894114e+01,-5.766667712340726830e-03,1.329283513870484683e-05,5.519999999999999907e-02
-1.446383294836566336e+01,-5.768486884181342478e-03,1.329825727012296082e-05,5.519999999999999907e-02
-1.446470528788339216e+01,-5.756676312330888216e-03,1.328891680278613775e-05,5.519999999999999907e-02
-1.446426207667997943e+01,-5.768305057554204938e-03,1.329013660412585325e-05,5.519999999999999907e-02
-1.446321841546645892e+01,-5.744971512250982709e-03,1.331916975666086895e-05,5.519999999999999907e-02
-1.446319213556571093e+01,-5.736812934339617816e-03,1.332654012399298030e-05,5.519999999999999907e-02
-1.446485564018647629e+01,-5.789249152189715475e-03,1.326783426102573702e-05,5.519999999999999907e-02
-1.446276563192559728e+01,-5.750070720229178735e-03,1.332231026245874084e-05,5.519999999999999907e-02
-1.446521146470006514e+01,-5.776973529580288827e-03,1.327221453757231249e-05,5.519999999999999907e-02
-1.446365966229080868e+01,-5.769632996078476878e-03,1.330198023072801501e-05,5.519999999999999907e-02
-1.446389206667029370e+01,-5.774241719172578530e-03,1.328745729139394530e-05,5.519999999999999907e-02
-1.446408066205485632e+01,-5.767282268805644721e-03,1.329299707003614310e-05,5.519999999999999907e-02
-1.446485806268371377e+01,-5.793881457857733355e-03,1.327189020474553762e-05,5.519999999999999907e-02
-1.446399899162485703e+01,-5.761419157716883219e-03,1.329433800203083573e-05,5.519999999999999907e-02
-1.446417930758049941e+01,-5.747673050627541240e-03,1.330752136726824281e-05,5.519999999999999907e-02
-1.446389119796801026e+01,-5.759693604514568369e-03,1.330197826495566048e-05,5.519999999999999907e-02
-1.446308208053321565e+01,-5.783049952587828238e-03,1.329628989696806363e-05,5.519999999999999907e-02
-1.446291165949133806e+01,-5.734802992175055437e-03,1.332509333931223857e-05,5.519999999999999907e-02
-1.446301388767636453e+01,-5.778244304903272857e-03,1.329947010610625020e-05,5.519999999999999907e-02
-1.446398642841456628e+01,-5.766136206154695576e-03,1.329467223082786905e-05,5.519999999999999907e-02
-1.446415282434898231e+01,-5.764832905905492230e-03,1.329368124732052630e-05,5.519999999999999907e-02
-1.446335140409998310e+01,-5.758214290239224362e-03,1.330908742487768314e-05,5.519999999999999907e-02
-1.446488392161483461e+01,-5.766557251603211635e-03,1.328265373859110407e-05,5.519999999999999907e-02
-1.446380442403910038e+01,-5.748529049631807830e-03,1.330366238847817523e-05,5.519999999999999907e-02
-1.446274203386056634e+01,-5.739154251147560865e-03,1.332753824397927322e-05,5.519999999999999907e-02
-1.446446691692737652e+01,-5.789604078691877945e-03,1.327765210182386717e-05,5.519999999999999907e-02
-1.446457365657729710e+01,-5.748106156189853808e-03,1.329826063143996525e-05,5.519999999999999907e-02
-1.446278762815195940e+01,-5.762216920640118520e-03,1.331485882356642831e-05,5.519999999999999907e-02
-1.446412701189913896e+01,-5.771505607002491364e-03,1.329008060600196531e-05,5.519999999999999907e-02
-1.446393127431980652e+01,-5.775066266019576733e-03,1.329037682294549866e-05,5.519999999999999907e-02
-1.446327060469888437e+01,-5.754566445780968584e-03,1.331367625570343127e-05,5.519999999999999907e-02
-1.446376209504397892e+01,-5.743499963453393455e-03,1.331005599650368125e-05,5.519999999999999907e-02
-1.446237182885276518e+01,-5.750359136710441604e-03,1.332901516971978664e-05,5.519999999999999907e-02
-1.446537717154514979e+01,-5.778194524341651213e-03,1.326803320056917142e-05,5.519999999999999907e-02
-1.446506591097740824e+01,-5.770213903863750937e-03,1.327846514541096185e-05,5.519999999999999907e-02
-1.446224393551369403e+01,-5.769051726811774694e-03,1.331846756352917432e-05,5.519999999999999907e-02
-1.446361252007311471e+01,-5.768244871761353705e-03,1.329987934069226260e-05,5.519999999999999907e-02
-1.446359690187009228e+01,-5.752270813935914627e-03,1.330789709704131069e-05,5.519999999999999907e-02
-1.446424413362602301e+01,-5.775368276030385523e-03,1.328234701562270797e-05,5.519999999999999907e-02
-1.446391465422920675e+01,-5.779615192751661953e-03,1.329163381442283290e-05,5.519999999999999907e-02
-1.446335469630156290e+01,-5.779848115919669453e-03,1.330028534559078689e-05,5.519999999999999907e-02
-1.446343774672931914e+01,-5.769609410169282415e-03,1.330550628916800832e-05,5.519999999999999907e-02
-1.446395622866295838e+01,-5.777125535700628096e-03,1.329181297774001236e-05,5.519999999999999907e-02
-1.446430887510538987e+01,-5.779655149451287145e-03,1.328519134770419729e-05,5.519999999999999907e-02
-1.446606154758034890e+01,-5.773905772643255982e-03,1.326406526335426271e-05,5.519999999999999907e-02
-1.446344097346080915e+01,-5.762595441936301487e-03,1.330550538913349566e-05,5.519999999999999907e-02
-1.446522006828378970e+01,-5.773071068709882681e-03,1.327557439043366653e-05,5.519999999999999907e-02
-1.446324937005682543e+01,-5.736479521148738804e-03,1.332339136893615629e-05,5.519999999999999907e-02
-1.446371784795464954e+01,-5.761226909349654104e-03,1.330619502100553050e-05,5.519999999999999907e-02
-1.446506857002405688e+01,-5.772452507471613307e-03,1.327679776069520230e-05,5.519999999999999907e-02
-1.446269987056870576e+01,-5.748348654740957110e-03,1.332474084905332659e-05,5.519999999999999907e-02
-1.446505452061654395e+01,-5.769455733587534191e-03,1.328140582566079822e-05,5.519999999999999907e-02
-1.446449103765601762e+01,-5.757279078456770290e-03,1.329908618718942901e-05,5.519999999999999907e-02
-1.446351502407198630e+01,-5.757848325906149596e-03,1.330626720907566454e-05,5.519999999999999907e-02
-1.446312182620014042e+01,-5.748558799221998444e-03,1.331814064081030946e-05,5.519999999999999907e-02
-1.446452409535969252e+01,-5.771315159296856040e-03,1.328497149436321027e-05,5.519999999999999907e-02
-1.446450916085498051e+01,-5.780891620771753253e-03,1.328240168184618056e-05,5.519999999999999907e-02
-1.446438133157316486e+01,-5.777910829607622867e-03,1.328443923532599455e-05,5.519999999999999907e-02
-1.446309882125533797e+01,-5.771130691376135345e-03,1.330618827624035831e-05,5.519999999999999907e-02
-1.446487753610799665e+01,-5.791455411128101222e-03,1.327061536328767820e-05,5.519999999999999907e-02
-1.446475828497955796e+01,-5.760250534013260440e-03,1.328982823079852541e-05,5.519999999999999907e-02
-1.446467892143766143e+01,-5.781013180158451302e-03,1.327830632696171852e-05,5.519999999999999907e-02
-1.446451029686669010e+01,-5.776075434470171084e-03,1.328570908223494770e-05,5.519999999999999907e-02
-1.446433629000602572e+01,-5.775282136400980426e-03,1.328371728964221605e-05,5.519999999999999907e-02
-1.446333981233641275e+01,-5.758894403257402810e-03,1.330990721566259306e-05,5.519999999999999907e-02
-1.446302218880622270e+01,-5.757457216160523188e-03,1.331117852587472547e-05,5.519999999999999907e-02
-1.446411427113560144e+01,-5.765880650073432721e-03,1.329191168064123165e-05,5.519999999999999907e-02
-1.446440068294901771e+01,-5.770294806482373536e-03,1.328884885028609607e-05,5.519999999999999907e-02
-1.446342358554732321e+01,-5.759089621316673679e-03,1.330551036429742782e-05,5.519999999999999907e-02
-1.446409823138002793e+01,-5.773772736862275122e-03,1.329374407302487014e-05,5.519999999999999907e-02
-1.446387225598947524e+01,-5.768842773437831729e-03,1.329594045156969353e-05,5.519999999999999907e-02
-1.446370383964189799e+01,-5.748569340824009888e-03,1.330931103362055359e-05,5.519999999999999907e-02
-1.446389023829762976e+01,-5.797901806246151708e-03,1.328275352690573264e-05,5.519999999999999907e-02
-1.446490948370867358e+01,-5.765557734271543888e-03,1.328202170199696106e-05,5.519999999999999907e-02
-1.446459411348230262e+01,-5.761017140700201711e-03,1.328843474649772011e-05,5.519999999999999907e-02
-1.446494074967957211e+01,-5.784373346835044831e-03,1.327352638819430900e-05,5.519999999999999907e-02
-1.446324390616026889e+01,-5.779327428117751221e-03,1.330000871935843438e-05,5.519999999999999907e-02
-1.446421851374485179e+01,-5.750720880961197184e-03,1.330021221611808444e-05,5.519999999999999907e-02
-1.446386917876065326e+01,-5.743075327431175318e-03,1.331106173488316633e-05,5.519999999999999907e-02
-1.446383889257657529e+01,-5.759040322891933669e-03,1.330150918944665976e-05,5.519999999999999907e-02
-1.446351452971602747e+01,-5.745479309233532395e-03,1.331209823615513403e-05,5.519999999999999907e-02
-1.446318217229657677e+01,-5.753905767613598683e-03,1.331444515174878892e-05,5.519999999999999907e-02
-1.446516873009482040e+01,-5.789169419098137530e-03,1.326908892638239768e-05,5.519999999999999907e-02
-1.446432602699747605e+01,-5.751844897776428600e-03,1.330078185832204090e-05,5.519999999999999907e-02
-1.446365518361503000e+01,-5.759242142376855451e-03,1.330345861694260748e-05,5.519999999999999907e-02
-1.446485507498524115e+01,-5.786083356144056111e-03,1.327428626891411866e-05,5.519999999999999907e-02
-1.446371972487238011e+01,-5.777613833544583202e-03,1.329694514509668233e-05,5.519999999999999907e-02
-1.446382258840567125e+01,-5.755744596872012890e-03,1.330419874830335610e-05,5.519999999999999907e-02
-1.446301532337648510e+01,-5.762626212167661771e-03,1.331219125609014362e-05,5.519999999999999907e-02
-1.446380366337749379e+01,-5.757157088600891974e-03,1.330194045063657454e-05,5.519999999999999907e-02
-1.446327157631322358e+01,-5.743620446113044571e-03,1.332016590512372468e-05,5.519999999999999907e-02
-1.446385161619327953e+01,-5.750907264907200757e-03,1.330438808868935865e-05,5.519999999999999907e-02
-1.446316404077663620e+01,-5.760778167642273580e-03,1.330839180211934190e-05,5.519999999999999907e-02
-1.446369499535438408e+01,-5.742080731252593301e-03,1.331503005481157569e-05,5.519999999999999907e-02
-1.446289861757721695e+01,-5.776588438226175869e-03,1.330727275924404758e-05,5.519999999999999907e-02
-1.446532422404879803e+01,-5.794649203439100442e-03,1.326285496103095153e-05,5.519999999999999907e-02
-1.446334009020795541e+01,-5.760569343165315714e-03,1.331113313548306113e-05,5.519999999999999907e-02
-1.446290615812158542e+01,-5.729735980033295525e-03,1.333283269155040176e-05,5.519999999999999907e-02
-1.446265254792121091e+01,-5.783860231766320588e-03,1.330288354527286834e-05,5.519999999999999907e-02
-1.446416318473995233e+01,-5.760416538007901224e-03,1.329777554008476658e-05,5.519999999999999907e-02
-1.446359054313080073e+01,-5.750102745460985466e-03,1.331252144531733728e-05,5.519999999999999907e-02
-1.446515405870822057e+01,-5.779605328720636807e-03,1.327215501952178177e-05,5.519999999999999907e-02
-1.446401905111061303e+01,-5.754104950782946634e-03,1.330134027102716868e-05,5.519999999999999907e-02
-1.446325960719390125e+01,-5.751306235535909653e-03,1.331528400218791893e-05,5.519999999999999907e-02
-1.446436597459873852e+01,-5.783458990767818483e-03,1.328432329349226476e-05,5.519999999999999907e-02
-1.446456915107155439e+01,-5.753291014505047124e-03,1.329550964349538674e-05,5.519999999999999907e-02
-1.446373055493733695e+01,-5.761667089984746914e-03,1.330290406257356482e-05,5.519999999999999907e-02
-1.446363087611609366e+01,-5.765489577719109041e-03,1.330064906942714706e-05,5.519999999999999907e-02
-1.446374763888973547e+01,-5.754568601445880782e-03,1.330480665452441659e-05,5.519999999999999907e-02
-1.446279138207947845e+01,-5.739558315601682448e-03,1.333078879710260982e-05,5.519999999999999907e-02
-1.446353410166456577e+01,-5.764427364213862981e-03,1.330398279422869219e-05,5.519999999999999907e-02
-1.446412350071408426e+01,-5.744358265748656343e-03,1.330474924827655858e-05,5.519999999999999907e-02
-1.446425212543464056e+01,-5.762222722555332410e-03,1.329269507813635192e-05,5.519999999999999907e-02
-1.446354001936875200e+01,-5.770422119231249751e-03,1.330135080666184856e-05,5.519999999999999907e-02
-1.446402418960391145e+01,-5.760604378298875630e-03,1.329949782133555033e-05,5.519999999999999907e-02
-1.446478422840061029e+01,-5.755483664368580589e-03,1.329162441015717053e-05,5.519999999999999907e-02
-1.446318073148537486e+01,-5.746779398678523824e-03,1.331890718856323022e-05,5.519999999999999907e-02
-1.446417079949711137e+01,-5.795007502018830609e-03,1.327643089169219277e-05,5.519999999999999907e-02
-1.446377008595892200e+01,-5.761682974354491796e-03,1.329995040736509822e-05,5.519999999999999907e-02
-1.446348363891749145e+01,-5.777368074089180711e-03,1.329425965452248073e-05,5.519999999999999907e-02
-1.446252460856915611e+01,-5.765473556370265956e-03,1.331592819137367975e-05,5.519999999999999907e-02
-1.446339124320243386e+01,-5.768988057376513330e-03,1.330222449739291372e-05,5.519999999999999907e-02
-1.446427613130356349e+01,-5.744940955867938216e-03,1.330007581960627102e-05,5.519999999999999907e-02
-1.446380988773130660e+01,-5.756111620972480421e-03,1.330757915551806838e-05,5.519999999999999907e-02
-1.446478620005768079e+01,-5.771300659185109316e-03,1.328494004368744024e-05,5.519999999999999907e-02
-1.446316468597993854e+01,-5.754206396624825422e-03,1.331098556769441451e-05,5.519999999999999907e-02
-1.446361070228958390e+01,-5.767359796189953924e-03,1.330454729420771035e-05,5.519999999999999907e-02
-1.446396447443406075e+01,-5.751079179700190579e-03,1.330514910892299374e-05,5.519999999999999907e-02
-1.446452541615251164e+01,-5.756896298041071051e-03,1.329380963972826158e-05,5.519999999999999907e-02
-1.446462787042074893e+01,-5.790953333461547163e-03,1.327478576694320653e-05,5.519999999999999907e-02
-1.446498545147126080e+01,-5.768936531688771685e-03,1.327852223587475410e-05,5.519999999999999907e-02
-1.446424939410212573e+01,-5.781545485539774966e-03,1.328144166378696100e-05,5.519999999999999907e-02
-1.446456694383355490e+01,-5.771690827432666114e-03,1.328671447496476796e-05,5.519999999999999907e-02
-1.446333349382415179e+01,-5.772061579744312658e-03,1.330203470511747148e-05,5.519999999999999907e-02
-1.446379336588725018e+01,-5.764495195471776474e-03,1.330133289786741789e-05,5.519999999999999907e-02
-1.446421839755269367e+01,-5.745907261122668377e-03,1.329859285916829832e-05,5.519999999999999907e-02
-1.446496515138378669e+01,-5.789090148231839338e-03,1.326962604843763187e-05,5.519999999999999907e-02
-1.446565089131282278e+01,-5.772782065995313988e-03,1.326924398132512950e-05,5.519999999999999907e-02
-1.446322402108378391e+01,-5.751384912867179428e-03,1.331844767423460374e-05,5.519999999999999907e-02
-1.446538392042387144e+01,-5.762054375302167776e-03,1.328044707385347116e-05,5.519999999999999907e-02
-1.446366233781841260e+01,-5.751723759893610094e-03,1.330567078789640687e-05,5.519999999999999907e-02
-1.446352123752869367e+01,-5.770470586572458774e-03,1.330126356582408163e-05,5.519999999999999907e-02
-1.446359554998800334e+01,-5.765240173464106395e-03,1.330497339704054116e-05,5.519999999999999907e-02
-1.446316172683641632e+01,-5.751975831007930320e-03,1.331578766377560889e-05,5.519999999999999907e-02
-1.446436167843062570e+01,-5.772857433617479758e-03,1.328886423930563778e-05,5.519999999999999907e-02
-1.446320595719975088e+01,-5.774807113193021653e-03,1.330218658972829316e-05,5.519999999999999907e-02
-1.446459982816563183e+01,-5.789626554722680091e-03,1.327559906502677799e-05,5.519999999999999907e-02
-1.446397341020851890e+01,-5.780209014176890259e-03,1.329233076829316107e-05,5.519999999999999907e-02
-1.446420152465052311e+01,-5.781568731701028710e-03,1.328518800085657898e-05,5.519999999999999907e-02
-1.446432743828872347e+01,-5.771031157488005527e-03,1.329221835367858896e-05,5.519999999999999907e-02
-1.446249341838939984e+01,-5.746284326371206910e-03,1.332646043975089595e-05,5.519999999999999907e-02
-1.446559283749615332e+01,-5.780391195369468174e-03,1.327077229118431652e-05,5.519999999999999907e-02
-1.446437032117306032e+01,-5.781165508048750207e-03,1.328185651483846040e-05,5.519999999999999907e-02
-1.446354594868078891e+01,-5.744716506244960420e-03,1.331213038148849065e-05,5.519999999999999907e-02
-1.446299252801764368e+01,-5.756811723788039618e-03,1.331462012200218991e-05,5.519999999999999907e-02
-1.446494734614184630e+01,-5.768692643491111702e-03,1.328262511060988101e-05,5.519999999999999907e-02
-1.446337134480607389e+01,-5.751263296466198327e-03,1.331385604206545629e-05,5.519999999999999907e-02
-1.446431831996709150e+01,-5.788092019299142903e-03,1.327825228794320742e-05,5.519999999999999907e-02
-1.446409860364103572e+01,-5.786713171487136743e-03,1.327991052318275483e-05,5.519999999999999907e-02
-1.446481086439284169e+01,-5.764500378773249403e-03,1.328258958966687574e-05,5.519999999999999907e-02
-1.446350126361951638e+01,-5.741350977352236568e-03,1.331703115251530019e-05,5.519999999999999907e-02
-1.446336820335813478e+01,-5.748099209045489690e-03,1.331687870170272824e-05,5.519999999999999907e-02
-1.446458689531097441e+01,-5.773713241693631884e-03,1.328573939554369053e-05,5.519999999999999907e-02
-1.446298984873126159e+01,-5.756695814912021585e-03,1.331632053754742315e-05,5.519999999999999907e-02
-1.446296057315594474e+01,-5.744872288680188954e-03,1.332250883470364932e-05,5.519999999999999907e-02
-1.446447865269398747e+01,-5.765132178974606038e-03,1.329029423138879191e-05,5.519999999999999907e-02
-1.446419478356373389e+01,-5.769893888488730402e-03,1.329241548324868754e-05,5.519999999999999907e-02
-1.446340651840562685e+01,-5.741283003706028343e-03,1.331846930325877595e-05,5.519999999999999907e-02
-1.446411000032098038e+01,-5.758194108931947996e-03,1.329626023077327164e-05,5.519999999999999907e-02
-1.446434161733812118e+01,-5.767467903389834373e-03,1.329247835109832118e-05,5.519999999999999907e-02
-1.446345494831795087e+01,-5.763329494480485399e-03,1.330771482364598604e-05,5.519999999999999907e-02
-1.446270079309687340e+01,-5.758139381524367446e-03,1.331485193779158175e-05,5.519999999999999907e-02
-1.446395214223351644e+01,-5.759891953246636630e-03,1.329895828658931105e-05,5.519999999999999907e-02
-1.446364065411039945e+01,-5.729362536166236405e-03,1.332190912715531710e-05,5.519999999999999907e-02
-1.446487692966764271e+01,-5.763947280207096409e-03,1.328453183754150711e-05,5.519999999999999907e-02
-1.446331643995086935e+01,-5.769409331799873683e-03,1.330454486005580755e-05,5.519999999999999907e-02
-1.446455962416066932e+01,-5.773822477243188180e-03,1.328962699299147776e-05,5.519999999999999907e-02
-1.446437927441329663e+01,-5.759805630736144523e-03,1.329446420843397915e-05,5.519999999999999907e-02
-1.446450206787044834e+01,-5.760934440975026133e-03,1.328978047254390919e-05,5.519999999999999907e-02
-1.446367219904997370e+01,-5.760235270435933030e-03,1.330677241725941359e-05,5.519999999999999907e-02
-1.446313850194451689e+01,-5.744659530425449273e-03,1.332183668225607410e-05,5.519999999999999907e-02
-1.446459415850166152e+01,-5.759414565781704499e-03,1.329522004172435585e-05,5.519999999999999907e-02
-1.446327294948752495e+01,-5.758885122647453003e-03,1.331329973656475749e-05,5.519999999999999907e-02
-1.446363553645196909e+01,-5.768966336859580532e-03,1.330216201781053351e-05,5.519999999999999907e-02
-1.446410270194500391e+01,-5.774949254073198819e-03,1.328648961653613310e-05,5.519999999999999907e-02
-1.446471241196371160e+01,-5.772712572939646403e-03,1.328226957858554990e-05,5.519999999999999907e-02
-1.446392725521697287e+01,-5.761146317744005561e-03,1.330217386190227414e-05,5.519999999999999907e-02
-1.446376579869278878e+01,-5.766856810173276449e-03,1.330003263897992961e-05,5.519999999999999907e-02
-1.446462038100472647e+01,-5.752761503564803036e-03,1.329598649371756255e-05,5.519999999999999907e-02
-1.446277132208582472e+01,-5.735201210167240916e-03,1.333163911117181181e-05,5.519999999999999907e-02
-1.446386791969787566e+01,-5.772461221368970462e-03,1.329138080481982006e-05,5.519999999999999907e-02
-1.446467422510862200e+01,-5.811025166778311692e-03,1.326292960934104240e-05,5.519999999999999907e-02
-1.446499419762916006e+01,-5.784651938257306947e-03,1.326821131854582131e-05,5.519999999999999907e-02
-1.446514399109348226e+01,-5.782016699036972469e-03,1.327002325335309031e-05,5.519999999999999907e-02
-1.446437561785678128e+01,-5.756158864186412469e-03,1.329572129852208273e-05,5.519999999999999907e-02
-1.446326201811107737e+01,-5.780663708191871586e-03,1.329866645274337147e-05,5.519999999999999907e-02
-1.446425044824398221e+01,-5.780843283517092535e-03,1.328345784527439149e-05,5.519999999999999907e-02
-1.446437106164591491e+01,-5.785203527857562394e-03,1.327853860205740772e-05,5.519999999999999907e-02
-1.446468663979638869e+01,-5.774394649990314578e-03,1.328524588412971662e-05,5.519999999999999907e-02
-1.446279883198431016e+01,-5.750662263829079378e-03,1.332006502522954787e-05,5.519999999999999907e-02
-1.446330092559519365e+01,-5.773632198557140244e-03,1.330532628484985903e-05,5.519999999999999907e-02
-1.446350662677545884e+01,-5.759060502057559462e-03,1.330870581377265579e-05,5.519999999999999907e-02
-1.446349470094204825e+01,-5.735347845938428696e-03,1.331840314799980118e-05,5.519999999999999907e-02
-1.446365597045025808e+01,-5.755052683482529338e-03,1.330870572183302646e-05,5.519999999999999907e-02
-1.446409768666849160e+01,-5.773478714288147150e-03,1.329223935880292902e-05,5.519999999999999907e-02
-1.446597195866736918e+01,-5.769683647005329798e-03,1.326324395020491749e-05,5.519999999999999907e-02
-1.446422843058453367e+01,-5.749568535160700516e-03,1.330035285686534394e-05,5.519999999999999907e-02
-1.446346257273746971e+01,-5.759367567588304961e-03,1.330559862745225749e-05,5.519999999999999907e-02
-1.446360916007899711e+01,-5.748182132621999438e-03,1.331273798371397325e-05,5.519999999999999907e-02
-1.446505088459188215e+01,-5.767003450591178665e-03,1.327893769280899351e-05,5.519999999999999907e-02
-1.446415735398000102e+01,-5.763527270734942337e-03,1.329529523338512001e-05,5.519999999999999907e-02
-1.446334310653972466e+01,-5.736912007567492901e-03,1.331945667267850269e-05,5.519999999999999907e-02
-1.446283935042435687e+01,-5.752093546483480653e-03,1.331903862696849664e-05,5.519999999999999907e-02
-1.446472328773934279e+01,-5.763758301750668625e-03,1.328880090767721697e-05,5.519999999999999907e-02
-1.446474382603868847e+01,-5.778915623680967902e-03,1.327605217575321440e-05,5.519999999999999907e-02
-1.446485650242400922e+01,-5.789443995583690161e-03,1.327209685132641014e-05,5.519999999999999907e-02
-1.446341459459808299e+01,-5.761371273340406239e-03,1.330732764084227595e-05,5.519999999999999907e-02
-1.446460814933067063e+01,-5.773092739726713545e-03,1.328196469386358883e-05,5.519999999999999907e-02
-1.446393156649896916e+01,-5.756911314499875768e-03,1.329926281025252621e-05,5.519999999999999907e-02
-1.446278196019846085e+01,-5.729911157047224042e-03,1.332896623740061695e-05,5.519999999999999907e-02
-1.446236180499031221e+01,-5.743175401462110620e-03,1.333204333892379095e-05,5.519999999999999907e-02
-1.446487556274551878e+01,-5.785583384041413646e-03,1.327148543038400725e-05,5.519999999999999907e-02
-1.446423121782568444e+01,-5.779686541014962889e-03,1.328005122871750787e-05,5.519999999999999907e-02
-1.446398909982290881e+01,-5.767757723031698841e-03,1.329378786514504679e-05,5.519999999999999907e-02
-1.446500479828391583e+01,-5.775996937058592434e-03,1.327636953697500108e-05,5.519999999999999907e-02
-1.446334636211547497e+01,-5.748787756870095238e-03,1.331285481835206612e-05,5.519999999999999907e-02
-1.446370608707153593e+01,-5.766980915055836335e-03,1.329934721565494763e-05,5.519999999999999907e-02
-1.446422352245889442e+01,-5.756045061629465852e-03,1.329847316161422951e-05,5.519999999999999907e-02
-1.446462388044507641e+01,-5.798178780641962717e-03,1.326940105602848824e-05,5.519999999999999907e-02
-1.446469460020982467e+01,-5.769803104858603135e-03,1.328648603843668205e-05,5.519999999999999907e-02
-1.446490239817217649e+01,-5.771022237390600884e-03,1.328233300801041953e-05,5.519999999999999907e-02
-1.446452662153909507e+01,-5.757572378867670607e-03,1.329605701250509673e-05,5.519999999999999907e-02
-1.446330533056104528e+01,-5.765225640650098633e-03,1.330566445891108893e-05,5.519999999999999907e-02
-1.446292070524653006e+01,-5.747835203017867024e-03,1.332131527408956185e-05,5.519999999999999907e-02
-1.446403469936689490e+01,-5.782527763860353422e-03,1.328943174356484713e-05,5.519999999999999907e-02
-1.446438327993101858e+01,-5.758138868127468668e-03,1.329572757850344622e-05,5.519999999999999907e-02
-1.446370560964544083e+01,-5.765764820843006892e-03,1.330235633752130750e-05,5.519999999999999907e-02
-1.446515443639357201e+01,-5.760103635983975477e-03,1.328005169332549456e-05,5.519999999999999907e-02
-1.446443712870044251e+01,-5.783179133453397909e-03,1.328112933332102060e-05,5.519999999999999907e-02
-1.446352274612232769e+01,-5.754380239546564788e-03,1.330852601155111961e-05,5.519999999999999907e-02
-1.446381353858571472e+01,-5.757602825658602805e-03,1.330287832616887686e-05,5.519999999999999907e-02
-1.446511440810307292e+01,-5.767588566651658463e-03,1.327600364774299086e-05,5.519999999999999907e-02
-1.446321106696962744e+01,-5.761106117612559661e-03,1.331278510318899391e-05,5.519999999999999907e-02
-1.446475855818026979e+01,-5.744598293976312109e-03,1.329636287437394904e-05,5.519999999999999907e-02
-1.446415740275469197e+01,-5.783716861461106820e-03,1.328477922597934180e-05,5.519999999999999907e-02
-1.446361210493344629e+01,-5.754859428798160363e-03,1.330883169952786358e-05,5.519999999999999907e-02
-1.446417767031030444e+01,-5.779992539710105022e-03,1.328379434232832161e-05,5.519999999999999907e-02
-1.446445928086680688e+01,-5.756256870804569471e-03,1.329356193218408615e-05,5.519999999999999907e-02
-1.446471021520308042e+01,-5.766162831382803770e-03,1.328729037915225562e-05,5.519999999999999907e-02
-1.446551161362600979e+01,-5.771435058355080423e-03,1.327479793674002015e-05,5.519999999999999907e-02
-1.446363351358469096e+01,-5.762893685838385918e-03,1.330409716121098023e-05,5.519999999999999907e-02
-1.446340219059959509e+01,-5.764380630370096771e-03,1.330641607658566702e-05,5.519999999999999907e-02
-1.446344514048752217e+01,-5.762698565307402578e-03,1.330505440247597351e-05,5.519999999999999907e-02
-1.446363434562112005e+01,-5.758227234171046580e-03,1.330692314886192816e-05,5.519999999999999907e-02
-1.446327281699826450e+01,-5.756485305448361470e-03,1.331605285060405999e-05,5.519999999999999907e-02
-1.446359222723768490e+01,-5.748396004639675164e-03,1.331027760403196187e-05,5.519999999999999907e-02
-1.446303474396058242e+01,-5.756135923430950527e-03,1.331346753084974795e-05,5.519999999999999907e-02
-1.446550963868424589e+01,-5.776418735163160560e-03,1.326572988000964079e-05,5.519999999999999907e-02
-1.446419734304265425e+01,-5.764082555580938259e-03,1.329782121058557467e-05,5.519999999999999907e-02
-1.446327940444738935e+01,-5.747754334703554686e-03,1.331463484957018453e-05,5.519999999999999907e-02
-1.446451749633166983e+01,-5.758235891387835509e-03,1.329317873266507628e-05,5.519999999999999907e-02
-1.446373405589653949e+01,-5.761443835825402586e-03,1.329918345858969036e-05,5.519999999999999907e-02
-1.446472261992153285e+01,-5.791525828226658755e-03,1.327202435836884367e-05,5.519999999999999907e-02
-1.446537908196861721e+01,-5.774755243310645408e-03,1.327568254684243590e-05,5.519999999999999907e-02
-1.446371567300384875e+01,-5.764936561232738253e-03,1.329948098278438738e-05,5.519999999999999907e-02
-1.446389205495118624e+01,-5.773709610739355923e-03,1.329611792752607096e-05,5.519999999999999907e-02
-1.446421948772766619e+01,-5.762584341224522878e-03,1.329454343171541423e-05,5.519999999999999907e-02
-1.446383751356266778e+01,-5.749358077284620963e-03,1.330681854636638194e-05,5.519999999999999907e-02
-1.446356599786264674e+01,-5.782050116935561444e-03,1.329050551042914833e-05,5.519999999999999907e-02
-1.446461862457858061e+01,-5.768595072437392515e-03,1.328470654877243272e-05,5.519999999999999907e-02
-1.446431589357693781e+01,-5.750023395785021016e-03,1.330032312666355014e-05,5.519999999999999907e-02
-1.446369519604643727e+01,-5.748409161986432411e-03,1.330769122485807064e-05,5.519999999999999907e-02
-1.446292665992667281e+01,-5.741803027182051933e-03,1.332250225652037602e-05,5.519999999999999907e-02
-1.446365789751896003e+01,-5.777577013648392198e-03,1.329435432866976130e-05,5.519999999999999907e-02
-1.446538973058544109e+01,-5.765720875063372677e-03,1.327913373319332333e-05,5.519999999999999907e-02
-1.446401616037422677e+01,-5.778620756574150488e-03,1.329073373979571986e-05,5.519999999999999907e-02
-1.446343470014609878e+01,-5.759798537004161625e-03,1.330411270572841535e-05,5.519999999999999907e-02
-1.446312859932035799e+01,-5.733977283535792412e-03,1.332373334983919595e-05,5.519999999999999907e-02
-1.446351317160249828e+01,-5.757615055009580873e-03,1.331194044634499562e-05,5.519999999999999907e-02
-1.446382246983164421e+01,-5.737390611277218277e-03,1.331203729653532690e-05,5.519999999999999907e-02
-1.446412753551031294e+01,-5.799554392177966484e-03,1.327442843752124633e-05,5.519999999999999907e-02
-1.446398802455479071e+01,-5.777804563414154840e-03,1.328897133655540749e-05,5.519999999999999907e-02
-1.446440554448284566e+01,-5.771209299845266039e-03,1.328386805687452949e-05,5.519999999999999907e-02
-1.446447409775578485e+01,-5.769635426405087843e-03,1.329177954873219167e-05,5.519999999999999907e-02
-1.446444243401387197e+01,-5.767287448737254234e-03,1.328613584626491755e-05,5.519999999999999907e-02
-1.446479068087798581e+01,-5.769600321390947438e-03,1.328445280985446042e-05,5.519999999999999907e-02
-1.446474687377281043e+01,-5.773986528894992955e-03,1.327947625833198073e-05,5.519999999999999907e-02
-1.446358926547944890e+01,-5.759269806475137560e-03,1.330863928738595294e-05,5.519999999999999907e-02
-1.446484127061094149e+01,-5.786927440915799400e-03,1.327298667457564482e-05,5.519999999999999907e-02
-1.446401158228078465e+01,-5.744727066746857860e-03,1.330617992649873808e-05,5.519999999999999907e-02
-1.446327109913149300e+01,-5.760534658587155611e-03,1.330773487782504383e-05,5.519999999999999907e-02
-1.446363049707759529e+01,-5.781212597232095358e-03,1.328755514049012117e-05,5.519999999999999907e-02
-1.446415412961813196e+01,-5.771155059723144000e-03,1.329152493695225939e-05,5.519999999999999907e-02
-1.446361755964860762e+01,-5.759454946341087747e-03,1.330518792241790416e-05,5.519999999999999907e-02
-1.446375718735751015e+01,-5.752472100544863895e-03,1.330262845856185730e-05,5.519999999999999907e-02
-1.446379372478721592e+01,-5.768978712825466315e-03,1.329652982480328397e-05,5.519999999999999907e-02
-1.446243674240867705e+01,-5.756169235852239864e-03,1.332487330575692827e-05,5.519999999999999907e-02
-1.446502311123955486e+01,-5.770628693518725823e-03,1.328278303095985834e-05,5.519999999999999907e-02
-1.446417252757942684e+01,-5.773130043954135052e-03,1.329138904365509833e-05,5.519999999999999907e-02
-1.446422902963361068e+01,-5.764594934114010590e-03,1.329455676565796452e-05,5.519999999999999907e-02
-1.446380840499260856e+01,-5.778123808334850037e-03,1.328995608613793759e-05,5.519999999999999907e-02
-1.446282559416856728e+01,-5.746464887240175165e-03,1.332282582932958660e-05,5.519999999999999907e-02
-1.446426390331457768e+01,-5.746173795538100926e-03,1.330377596371099495e-05,5.519999999999999907e-02
-1.446295295797292724e+01,-5.747591538105015219e-03,1.331810829805525180e-05,5.519999999999999907e-02
-1.446355281241543445e+01,-5.752613462691960437e-03,1.330836588602596543e-05,5.519999999999999907e-02
-1.446457525476054684e+01,-5.765172980761117116e-03,1.328986331944911131e-05,5.519999999999999907e-02
-1.446427570922655725e+01,-5.758945135908521973e-03,1.329728498508355450e-05,5.519999999999999907e-02
-1.446478488591798595e+01,-5.778986519174625879e-03,1.327930494905143790e-05,5.519999999999999907e-02
-1.446358263373796227e+01,-5.737767256077940491e-03,1.331703475038758173e-05,5.519999999999999907e-02
-1.446324257328111074e+01,-5.760160306361634258e-03,1.331323278880706464e-05,5.519999999999999907e-02
-1.446368532139358898e+01,-5.748555222468768912e-03,1.330702478030912333e-05,5.519999999999999907e-02
-1.446266489105519071e+01,-5.734097458084891699e-03,1.332976739426962577e-05,5.519999999999999907e-02
-1.446504087000564454e+01,-5.802652727747256711e-03,1.325984323615090253e-05,5.519999999999999907e-02
-1.446384835535967461e+01,-5.762162089915445241e-03,1.329948757110787665e-05,5.519999999999999907e-02
-1.446370781345270196e+01,-5.747486041486130938e-03,1.330949411008304335e-05,5.519999999999999907e-02
-1.446350110802803535e+01,-5.741413771662018037e-03,1.331803430128217042e-05,5.519999999999999907e-02
-1.446374372013960219e+01,-5.762222041703238089e-03,1.330149268509382846e-05,5.519999999999999907e-02
-1.446423334280065909e+01,-5.767277759088808645e-03,1.329284265501585927e-05,5.519999999999999907e-02
-1.446420759095618003e+01,-5.757427273380355537e-03,1.329481111740332887e-05,5.519999999999999907e-02
-1.446384296273858006e+01,-5.758795756580730937e-03,1.330322339749496711e-05,5.519999999999999907e-02
-1.446419371537987431e+01,-5.740896822243502992e-03,1.330686208795460595e-05,5.519999999999999907e-02
-1.446323134956609380e+01,-5.725525565289688729e-03,1.332581697508138866e-05,5.519999999999999907e-02
-1.446404689763993368e+01,-5.746384663832602817e-03,1.330599341941165220e-05,5.519999999999999907e-02
-1.446404398862122243e+01,-5.758625996058731877e-03,1.329941729375438029e-05,5.519999999999999907e-02
-1.446374060418687613e+01,-5.751261934549709021e-03,1.330934033214624953e-05,5.519999999999999907e-02
-1.446353436075094301e+01,-5.772658907328742477e-03,1.330024819878166305e-05,5.519999999999999907e-02
-1.446428129827364195e+01,-5.805718492849476151e-03,1.326857534506662521e-05,5.519999999999999907e-02
-1.446358207823342390e+01,-5.750587296107122041e-03,1.331109053364232349e-05,5.519999999999999907e-02
-1.446358739663389947e+01,-5.756672436260892867e-03,1.330503590507266251e-05,5.519999999999999907e-02
-1.446303515754753377e+01,-5.779951821572155111e-03,1.329872751747436134e-05,5.519999999999999907e-02
-1.446411104778024281e+01,-5.763372565950860074e-03,1.329860038711074687e-05,5.519999999999999907e-02
-1.446473318758709148e+01,-5.770162994695212169e-03,1.328791999569153811e-05,5.519999999999999907e-02
-1.446263206210255170e+01,-5.758674356898066740e-03,1.332014789763219676e-05,5.519999999999999907e-02
-1.446430748085123774e+01,-5.769783453605064651e-03,1.328572326295653696e-05,5.519999999999999907e-02
-1.446397254137080068e+01,-5.780493327839136310e-03,1.329101271220415341e-05,5.519999999999999907e-02
-1.446335452153891765e+01,-5.767801035175356902e-03,1.330154420368332602e-05,5.519999999999999907e-02
-1.446283244888458519e+01,-5.751608299427043991e-03,1.331960625890463454e-05,5.519999999999999907e-02
-1.446393759134057433e+01,-5.745404324813854595e-03,1.330928150297760119e-05,5.519999999999999907e-02
-1.446297616086849658e+01,-5.736783196196681804e-03,1.332644464561500443e-05,5.519999999999999907e-02
-1.446259735490179743e+01,-5.753625976197351312e-03,1.332437757517500837e-05,5.519999999999999907e-02
-1.446442994189952813e+01,-5.763150237282161671e-03,1.329356504543928253e-05,5.519999999999999907e-02
-1.446412838977946791e+01,-5.773832889373681915e-03,1.328727165379818224e-05,5.519999999999999907e-02
-1.446535473837898422e+01,-5.762037507873809215e-03,1.328430217798618413e-05,5.519999999999999907e-02
-1.446273525251553238e+01,-5.772544115600332371e-03,1.330976011096565098e-05,5.519999999999999907e-02
-1.446450196444232361e+01,-5.769711981160090958e-03,1.328857971265119662e-05,5.519999999999999907e-02
-1.446318818864301647e+01,-5.763520000890218729e-03,1.331153509421608994e-05,5.519999999999999907e-02
-1.446221873406925873e+01,-5.711606537286903484e-03,1.335094172530382140e-05,5.519999999999999907e-02
-1.446508528104814673e+01,-5.781561126124584900e-03,1.327228661280359212e-05,5.519999999999999907e-02
-1.446382088286966905e+01,-5.757630446638794218e-03,1.330002147647025502e-05,5.519999999999999907e-02
-1.446356542844961091e+01,-5.748556287396348191e-03,1.331078960628432639e-05,5.519999999999999907e-02
-1.446326630641359223e+01,-5.755565524857795059e-03,1.331425843891942965e-05,5.519999999999999907e-02
-1.446398659218995597e+01,-5.763325142542882577e-03,1.329672082701194015e-05,5.519999999999999907e-02
-1.446370688918425174e+01,-5.742871554271096989e-03,1.331193146049195902e-05,5.519999999999999907e-02
-1.446421277803936967e+01,-5.768031723845805196e-03,1.329464728189186686e-05,5.519999999999999907e-02
-1.446325998370450350e+01,-5.769770311376986281e-03,1.330063099866543266e-05,5.519999999999999907e-02
-1.446366051663461150e+01,-5.763565891286242734e-03,1.330081230306892819e-05,5.519999999999999907e-02
-1.446434337587255925e+01,-5.765344623880690536e-03,1.329018415026596383e-05,5.519999999999999907e-02
-1.446409422522409827e+01,-5.773878356607861813e-03,1.329297216523114192e-05,5.519999999999999907e-02
-1.446466540845902848e+01,-5.798642093650426509e-03,1.326889661493167602e-05,5.519999999999999907e-02
-1.446355601167683957e+01,-5.759211272348381018e-03,1.330432262855649489e-05,5.519999999999999907e-02
-1.446365025259037473e+01,-5.792850984394483892e-03,1.328466024975068057e-05,5.519999999999999907e-02
-1.446323865353177140e+01,-5.768029587028718208e-03,1.330396066551323330e-05,5.519999999999999907e-02
-1.446388869161566326e+01,-5.775672841971644239e-03,1.329126944927197015e-05,5.519999999999999907e-02
-1.446402996259053175e+01,-5.759332961964536493e-03,1.329992596804840507e-05,5.519999999999999907e-02
-1.446400881444195363e+01,-5.760218778797868318e-03,1.329945846780419987e-05,5.519999999999999907e-02
-1.446446969798164339e+01,-5.785423377099087675e-03,1.327840168617815747e-05,5.519999999999999907e-02
-1.446385764045771971e+01,-5.762906229987189814e-03,1.330066970994861306e-05,5.519999999999999907e-02
-1.446414928080794127e+01,-5.764490018450397178e-03,1.329712498726331653e-05,5.519999999999999907e-02
-1.446422580777361055e+01,-5.755618585385969405e-03,1.330257464923804099e-05,5.519999999999999907e-02
-1.446398084615286983e+01,-5.774008706468412161e-03,1.328983501989141354e-05,5.519999999999999907e-02
-1.446376587417190862e+01,-5.758338512385914078e-03,1.330082993688826646e-05,5.519999999999999907e-02
-1.446464126832081298e+01,-5.787505019305682133e-03,1.327686989361067078e-05,5.519999999999999907e-02
-1.446373985162482256e+01,-5.745470222725228802e-03,1.330861016741835135e-05,5.519999999999999907e-02
-1.446370631358619718e+01,-5.737209012774830731e-03,1.331390882241773944e-05,5.519999999999999907e-02
-1.446459563984896057e+01,-5.762914734476441529e-03,1.328954995375734807e-05,5.519999999999999907e-02
-1.446328229257283304e+01,-5.752044521195353796e-03,1.331447106192642970e-05,5.519999999999999907e-02
-1.446487355489343152e+01,-5.778245096851873305e-03,1.327504549251658445e-05,5.519999999999999907e-02
-1.446239793188289724e+01,-5.750175214208059007e-03,1.332680932783434830e-05,5.519999999999999907e-02
-1.446357808675464085e+01,-5.760926844737909377e-03,1.330539022561643175e-05,5.519999999999999907e-02
-1.446477907772978355e+01,-5.773399440865598607e-03,1.328020587081531563e-05,5.519999999999999907e-02
-1.446441523845940580e+01,-5.765177086769714479e-03,1.329183797032428300e-05,5.519999999999999907e-02
-1.446393508389751403e+01,-5.754084118811308469e-03,1.330166877199559528e-05,5.519999999999999907e-02
-1.446298045120452791e+01,-5.728125607300204626e-03,1.333026187193969194e-05,5.519999999999999907e-02
-1.446388935598288050e+01,-5.727018744824986796e-03,1.332130084120300312e-05,5.519999999999999907e-02
-1.446323629896910035e+01,-5.766364740983978554e-03,1.330656533690695316e-05,5.519999999999999907e-02
-1.446445655073853231e+01,-5.776164614130057003e-03,1.328632172260902090e-05,5.519999999999999907e-02
-1.446442959716145005e+01,-5.771025437320912062e-03,1.328320319575159434e-05,5.519999999999999907e-02
-1.446424488060227098e+01,-5.742429934378968578e-03,1.330264678886696725e-05,5.519999999999999907e-02
-1.446329125987338848e+01,-5.748752444882048937e-03,1.331430815599975954e-05,5.519999999999999907e-02
-1.446475346082493374e+01,-5.787920556348380777e-03,1.327139521033223416e-05,5.519999999999999907e-02
-1.446438118744482892e+01,-5.771461009827643339e-03,1.329089509038137813e-05,5.519999999999999907e-02
-1.446389514588811132e+01,-5.748136109223273699e-03,1.330731967039520783e-05,5.519999999999999907e-02
-1.446398216128609526e+01,-5.765804897873335819e-03,1.329487030282832413e-05,5.519999999999999907e-02
-1.446372304575448986e+01,-5.759229735920506216e-03,1.330320893912067031e-05,5.519999999999999907e-02
-1.446335075425815653e+01,-5.730746438888816019e-03,1.332520860174691290e-05,5.519999999999999907e-02
-1.446384078529563233e+01,-5.764866329217953680e-03,1.330182321646103304e-05,5.519999999999999907e-02
-1.446488870625005418e+01,-5.788059894593459986e-03,1.327397802400188824e-05,5.519999999999999907e-02
-1.446342086366788493e+01,-5.757584551982376959e-03,1.331064924574383289e-05,5.519999999999999907e-02
-1.446458292577122151e+01,-5.763523747026971962e-03,1.328802017166894521e-05,5.519999999999999907e-02
-1.446227608180081425e+01,-5.738578968565130264e-03,1.333359830908809251e-05,5.519999999999999907e-02
-1.446287886022500047e+01,-5.743087621540431120e-03,1.332754731883613481e-05,5.519999999999999907e-02
-1.446508455426388551e+01,-5.771326684172710907e-03,1.327859775197500375e-05,5.519999999999999907e-02
-1.446349558778920219e+01,-5.760679553525656187e-03,1.330580614442560779e-05,5.519999999999999907e-02
-1.446372383972859410e+01,-5.764712459518053778e-03,1.330243751753541242e-05,5.519999999999999907e-02
-1.446385194220303028e+01,-5.750150861046285367e-03,1.330636865431771294e-05,5.519999999999999907e-02
-1.446366178034629080e+01,-5.760844360663236463e-03,1.330282066261146432e-05,5.519999999999999907e-02
-1.446365832259211537e+01,-5.778962146474550705e-03,1.329308269359264656e-05,5.519999999999999907e-02
-1.446285530529444152e+01,-5.760390844541396667e-03,1.331236783038327076e-05,5.519999999999999907e-02
-1.446362711781282684e+01,-5.773358007419604997e-03,1.329446298770182358e-05,5.519999999999999907e-02
-1.446415958679950897e+01,-5.762743225533803297e-03,1.329763157459914445e-05,5.519999999999999907e-02
-1.446313270154407071e+01,-5.774316564880380143e-03,1.330090883156872794e-05,5.519999999999999907e-02
-1.446456173859185235e+01,-5.773942536568586227e-03,1.328967557408291152e-05,5.519999999999999907e-02
-1.446488283696273136e+01,-5.771518203904787807e-03,1.327970619391037069e-05,5.519999999999999907e-02
-1.446434450623086221e+01,-5.742042242889855083e-03,1.330783871509952280e-05,5.519999999999999907e-02
-1.446420740054946030e+01,-5.772920975209388031e-03,1.329169413009140823e-05,5.519999999999999907e-02
-1.446305742550242890e+01,-5.738317680235350410e-03,1.332337519024167734e-05,5.519999999999999907e-02
-1.446333577738788634e+01,-5.764592894874330693e-03,1.330772542700200037e-05,5.519999999999999907e-02
-1.446394843960999843e+01,-5.756225598540650433e-03,1.330277994675457996e-05,5.519999999999999907e-02
-1.446578861527521376e+01,-5.753062123637801145e-03,1.327696133736152207e-05,5.519999999999999907e-02
-1.446409980160309594e+01,-5.756284113407555449e-03,1.330165966624160605e-05,5.519999999999999907e-02
-1.446269384507691491e+01,-5.753615368122466656e-03,1.331625869021837331e-05,5.519999999999999907e-02
-1.446468504781366882e+01,-5.770559418175671799e-03,1.328206351295957319e-05,5.519999999999999907e-02
-1.446408891720859557e+01,-5.791010777015311549e-03,1.327886503756467128e-05,5.519999999999999907e-02
-1.446427934059485843e+01,-5.742155929064881106e-03,1.330239205774968619e-05,5.519999999999999907e-02
-1.446211586364987056e+01,-5.743336841760603856e-03,1.333399522159352707e-05,5.519999999999999907e-02
-1.446326225639916885e+01,-5.767978721943592575e-03,1.330718347088630373e-05,5.519999999999999907e-02
-1.446468617170418725e+01,-5.751507998643295115e-03,1.329590509133918077e-05,5.519999999999999907e-02
-1.446333492696417089e+01,-5.757557133261672483e-03,1.330806760719259880e-05,5.519999999999999907e-02
-1.446492869242423041e+01,-5.790524483797169879e-03,1.327146097361243330e-05,5.519999999999999907e-02
-1.446285454518607239e+01,-5.772290929584956119e-03,1.330944342442299298e-05,5.519999999999999907e-02
-1.446450935028127560e+01,-5.762768687361712397e-03,1.329392081019684770e-05,5.519999999999999907e-02
-1.446279802986743768e+01,-5.728398565404193080e-03,1.333131001712456802e-05,5.519999999999999907e-02
-1.446415986945587662e+01,-5.781785740748790654e-03,1.328988921244654884e-05,5.519999999999999907e-02
-1.446376404019862960e+01,-5.758062064305255988e-03,1.330157592658472968e-05,5.519999999999999907e-02
-1.446343067299061147e+01,-5.759639944414802863e-03,1.330890105883504064e-05,5.519999999999999907e-02
-1.446503228792723128e+01,-5.774755233026712849e-03,1.327164409659312888e-05,5.519999999999999907e-02
-1.446390028492934832e+01,-5.763647333196693541e-03,1.329879911372338489e-05,5.519999999999999907e-02
-1.446321303787527590e+01,-5.763478154830053123e-03,1.330838814010327120e-05,5.519999999999999907e-02
-1.446450479730322769e+01,-5.772485520390247329e-03,1.328691150886521412e-05,5.519999999999999907e-02
-1.446512204368822196e+01,-5.757315574895499090e-03,1.328659597124306868e-05,5.519999999999999907e-02
-1.446484451937585547e+01,-5.783768520246236611e-03,1.327793013228167996e-05,5.519999999999999907e-02
-1.446383326521313961e+01,-5.763421380742116129e-03,1.329665105070680261e-05,5.519999999999999907e-02
-1.446411038061238230e+01,-5.745337191017670098e-03,1.330594495534280235e-05,5.519999999999999907e-02
-1.446407901694292697e+01,-5.783453924066334767e-03,1.328429351775469630e-05,5.519999999999999907e-02
-1.446341764085508785e+01,-5.754727479049940621e-03,1.331038847330358728e-05,5.519999999999999907e-02
-1.446455182282389984e+01,-5.764976418862997019e-03,1.328735138666554310e-05,5.519999999999999907e-02
-1.446500319187932604e+01,-5.778640732892640491e-03,1.327817940810750292e-05,5.519999999999999907e-02
-1.446450267659487032e+01,-5.769929213961749390e-03,1.328392305871357569e-05,5.519999999999999907e-02
-1.446264425112509855e+01,-5.782927625532307582e-03,1.330488372282043136e-05,5.519999999999999907e-02
-1.446295718989223111e+01,-5.747687261070516355e-03,1.331995054254998771e-05,5.519999999999999907e-02
-1.446413932333315522e+01,-5.734970705787875017e-03,1.331540436052667086e-05,5.519999999999999907e-02
-1.446643747997046248e+01,-5.789868590114747096e-03,1.324843716138796702e-05,5.519999999999999907e-02
-1.446361505112187018e+01,-5.762833666577700346e-03,1.330515174892946787e-05,5.519999999999999907e-02
-1.446391170301226126e+01,-5.748337870908835565e-03,1.330670696111599201e-05,5.519999999999999907e-02
-1.446343266698591812e+01,-5.753801964052103132e-03,1.330840387579777386e-05,5.519999999999999907e-02
