-1.349349969092665980e+01,3.335747409334729324e-02,1.591732433748499723e-05,5.349999999999999895e-02
-1.365704959844675237e+01,2.869144867318756953e-02,1.553156019027456688e-05,5.349999999999999895e-02
-1.359809677516383353e+01,3.256573394226712492e-02,1.580705339194845142e-05,5.349999999999999895e-02
-1.366791124794363022e+01,2.884972128717430001e-02,1.556584895355996514e-05,5.349999999999999895e-02
-1.358164181166738693e+01,3.073314663514646605e-02,1.567262860620465448e-05,5.349999999999999895e-02
-1.354939627969947757e+01,3.329851408850111050e-02,1.588790228692214105e-05,5.349999999999999895e-02
-1.364146344708230352e+01,3.205058880260736043e-02,1.576251037124170074e-05,5.349999999999999895e-02
-1.361411735578495374e+01,2.952345179659245783e-02,1.557699306580979891e-05,5.349999999999999895e-02
-1.349590155457490503e+01,3.050711124718876940e-02,1.564107336154841856e-05,5.349999999999999895e-02
-1.367670330381874244e+01,3.047065400186992415e-02,1.565361820353093592e-05,5.349999999999999895e-02
-1.358258581361802442e+01,2.597713804192369400e-02,1.528879721576191779e-05,5.349999999999999895e-02
-1.356310117960955708e+01,3.048577213799849930e-02,1.567925485862642777e-05,5.349999999999999895e-02
-1.349950535495080928e+01,3.346211190995025675e-02,1.585319870036161705e-05,5.349999999999999895e-02
-1.362609722379504618e+01,3.275412381967960501e-02,1.584431180837626445e-05,5.349999999999999895e-02
-1.359567861572029912e+01,3.453668338792349746e-02,1.596437086190773732e-05,5.349999999999999895e-02
-1.355727666744682125e+01,3.360669243780736726e-02,1.585956923661565696e-05,5.349999999999999895e-02
-1.352905233736263391e+01,3.203258324920892769e-02,1.579402728792415306e-05,5.349999999999999895e-02
-1.363478934656297170e+01,3.025503387201473188e-02,1.562599609412533165e-05,5.349999999999999895e-02
-1.354550023198605579e+01,2.916887455169022911e-02,1.555718202195989987e-05,5.349999999999999895e-02
-1.358022806169897123e+01,3.410443066406844415e-02,1.590006864226267761e-05,5.349999999999999895e-02
-1.355072245567418321e+01,3.256604985026687743e-02,1.577241593933037617e-05,5.349999999999999895e-02
-1.357245872291592192e+01,2.916001928013558370e-02,1.554115019510936659e-05,5.349999999999999895e-02
-1.358999481297143497e+01,2.748167156240900397e-02,1.542069294399650624e-05,5.349999999999999895e-02
-1.360511286057361247e+01,2.989445219836714060e-02,1.558914948737413531e-05,5.349999999999999895e-02
-1.357538418814184134e+01,2.976502543862021011e-02,1.561158378077632410e-05,5.349999999999999895e-02
-1.357305149218760931e+01,3.428689973277886105e-02,1.596146805568073946e-05,5.349999999999999895e-02
-1.354907762664237936e+01,3.129170909900715059e-02,1.569829031026403278e-05,5.349999999999999895e-02
-1.363114326164510715e+01,3.491835111941554715e-02,1.598771298318178642e-05,5.349999999999999895e-02
-1.357432386938904578e+01,3.127143809551483078e-02,1.567885890437262412e-05,5.349999999999999895e-02
-1.362580287431149806e+01,2.901887916877559162e-02,1.555593781398209008e-05,5.349999999999999895e-02
-1.360196135425900543e+01,3.119816965829237329e-02,1.570244533184744461e-05,5.349999999999999895e-02
-1.352187879805597426e+01,3.118851428477840623e-02,1.570714632861447524e-05,5.349999999999999895e-02
-1.354669801221446690e+01,3.344912201457412443e-02,1.588244376661987090e-05,5.349999999999999895e-02
-1.361554988441238478e+01,3.071118873262019405e-02,1.569894672340955814e-05,5.349999999999999895e-02
-1.365261300979256021e+01,3.345933820783281859e-02,1.582546104350995085e-05,5.349999999999999895e-02
-1.359412059399273787e+01,3.359498350637662306e-02,1.586453360044467559e-05,5.349999999999999895e-02
-1.355935092286546784e+01,3.372795641303984876e-02,1.590742012826697939e-05,5.349999999999999895e-02
-1.355266543138343849e+01,3.153804738813128367e-02,1.571436711780195374e-05,5.349999999999999895e-02
-1.362401930586916166e+01,2.973623044801278550e-02,1.560407110050221008e-05,5.349999999999999895e-02
-1.353746675663435184e+01,3.400539625779371716e-02,1.594802777006799744e-05,5.349999999999999895e-02
-1.357163276231261406e+01,3.267120592622585473e-02,1.580648785614111588e-05,5.349999999999999895e-02
-1.357084816167234465e+01,3.023243599449319807e-02,1.561273043168507219e-05,5.349999999999999895e-02
-1.358510864377924321e+01,3.021894726402059653e-02,1.562804426593505415e-05,5.349999999999999895e-02
-1.365885651345926455e+01,3.317322554924448386e-02,1.584265061056329315e-05,5.349999999999999895e-02
-1.357497445717146967e+01,3.131022273806544076e-02,1.572480490817903588e-05,5.349999999999999895e-02
-1.367052221436220272e+01,2.957305623274729747e-02,1.560383027682076871e-05,5.349999999999999895e-02
-1.364190138852111644e+01,3.026194817646233465e-02,1.565439289059536912e-05,5.349999999999999895e-02
-1.362176337513547608e+01,3.138026812661096759e-02,1.571797726409979214e-05,5.349999999999999895e-02
-1.358525034116128083e+01,3.324365469587651362e-02,1.586085646479176118e-05,5.349999999999999895e-02
-1.354294663721038816e+01,3.440751138568910739e-02,1.595396270224916116e-05,5.349999999999999895e-02
-1.353925053199712281e+01,3.145670228866506019e-02,1.573961084369286076e-05,5.349999999999999895e-02
-1.356501908728749406e+01,3.297307223916737251e-02,1.584592317233086883e-05,5.349999999999999895e-02
-1.360926530584737826e+01,3.408032187353193104e-02,1.594195310350680843e-05,5.349999999999999895e-02
-1.362173626515926195e+01,3.156961032634327674e-02,1.575195340517551241e-05,5.349999999999999895e-02
-1.362924932510118481e+01,3.315224097146405452e-02,1.582497872910777173e-05,5.349999999999999895e-02
-1.357346727381706764e+01,3.498871396867050954e-02,1.600836240659197959e-05,5.349999999999999895e-02
-1.360159815555377172e+01,3.464661690682610540e-02,1.594605083047505190e-05,5.349999999999999895e-02
-1.353079985565840992e+01,2.890029151528834828e-02,1.556378180964857179e-05,5.349999999999999895e-02
-1.363313787267062338e+01,3.136564387878998383e-02,1.576504418830421912e-05,5.349999999999999895e-02
-1.345413097554536819e+01,3.036895104506692755e-02,1.560789412274149492e-05,5.349999999999999895e-02
-1.356940262935728114e+01,3.036217338069436764e-02,1.567134041815820719e-05,5.349999999999999895e-02
-1.354642100736883847e+01,3.258176486594777099e-02,1.579744927205241667e-05,5.349999999999999895e-02
-1.367231793636970316e+01,3.224445404054258890e-02,1.579766549120320895e-05,5.349999999999999895e-02
-1.365799152269213224e+01,2.915629100940244148e-02,1.555874609529908715e-05,5.349999999999999895e-02
-1.371227202757550145e+01,3.099552641096010863e-02,1.570014232518612696e-05,5.349999999999999895e-02
-1.364269108268954334e+01,3.425572289548135113e-02,1.595356396319250249e-05,5.349999999999999895e-02
-1.353139576251525966e+01,3.015012549361617208e-02,1.570168520940931086e-05,5.349999999999999895e-02
-1.361537884650586605e+01,3.293093004829297094e-02,1.583453803934544566e-05,5.349999999999999895e-02
-1.360765933044839038e+01,2.847239923840548873e-02,1.550776544928261118e-05,5.349999999999999895e-02
-1.355435564714270491e+01,3.098922921083022142e-02,1.570919891685142330e-05,5.349999999999999895e-02
-1.365644615473212831e+01,3.522598637017795159e-02,1.597447402802156750e-05,5.349999999999999895e-02
-1.362312359139023421e+01,3.354247843222205039e-02,1.587253308652670713e-05,5.349999999999999895e-02
-1.361277783398718633e+01,3.136153118087684627e-02,1.573872741520561280e-05,5.349999999999999895e-02
-1.358991439992871975e+01,2.674616848835732752e-02,1.539421925892737837e-05,5.349999999999999895e-02
-1.365719531238461570e+01,2.926718648432399469e-02,1.554884712645999073e-05,5.349999999999999895e-02
-1.357447140787974149e+01,3.716931678059390287e-02,1.611919748365187068e-05,5.349999999999999895e-02
-1.362474881175886487e+01,3.070438308170056474e-02,1.568412371641057757e-05,5.349999999999999895e-02
-1.361935552664275306e+01,3.381204115673163563e-02,1.591512767553023586e-05,5.349999999999999895e-02
-1.363308906188928837e+01,3.067658677542975734e-02,1.569307841572137210e-05,5.349999999999999895e-02
-1.360349456899282927e+01,3.218821959196437738e-02,1.577850180085373506e-05,5.349999999999999895e-02
-1.357230586679949091e+01,3.333722281512999097e-02,1.589609097473305854e-05,5.349999999999999895e-02
-1.354819533121790087e+01,3.245557392496394022e-02,1.583969656213843585e-05,5.349999999999999895e-02
-1.364866900421893803e+01,3.095163086589909976e-02,1.566948388869704762e-05,5.349999999999999895e-02
-1.363292286323336100e+01,3.312572284078035834e-02,1.584462518568293310e-05,5.349999999999999895e-02
-1.372130051363460801e+01,3.092099585812930693e-02,1.566569822378334603e-05,5.349999999999999895e-02
-1.348815091112230036e+01,3.200160819497530756e-02,1.574026089168634529e-05,5.349999999999999895e-02
-1.359290778407129530e+01,3.401255871401874520e-02,1.590953851945354756e-05,5.349999999999999895e-02
-1.364772188283308196e+01,3.147260000727621770e-02,1.571161357060044423e-05,5.349999999999999895e-02
-1.372538879270343237e+01,3.376861233487187669e-02,1.590036628927523769e-05,5.349999999999999895e-02
-1.360030073751743984e+01,3.450017495095843156e-02,1.594893422068977443e-05,5.349999999999999895e-02
-1.361009943325899663e+01,3.321602746175871673e-02,1.586946114186527700e-05,5.349999999999999895e-02
-1.353991850706401223e+01,3.251602451944853728e-02,1.582245877772762204e-05,5.349999999999999895e-02
-1.356207238398475035e+01,3.403492070432262429e-02,1.594727945587521065e-05,5.349999999999999895e-02
-1.349825773239249393e+01,3.306093739617088634e-02,1.587147271345432900e-05,5.349999999999999895e-02
-1.357687490354659765e+01,3.202801546882234895e-02,1.580356196295160389e-05,5.349999999999999895e-02
-1.358858770673642091e+01,3.276244709787222431e-02,1.581498850810517229e-05,5.349999999999999895e-02
-1.362399094759252804e+01,2.967553007836673876e-02,1.561848897419518484e-05,5.349999999999999895e-02
-1.358975614178975810e+01,3.149537527761292477e-02,1.573316229677842668e-05,5.349999999999999895e-02
-1.357374125093274486e+01,3.228353585237381945e-02,1.576210589031086894e-05,5.349999999999999895e-02
-1.346634233797253266e+01,3.097310179824768264e-02,1.569675251480017478e-05,5.349999999999999895e-02
-1.365633449032678826e+01,3.566008379677680640e-02,1.601222539354840797e-05,5.349999999999999895e-02
-1.370747316275703298e+01,2.953712166654085328e-02,1.561017324379919389e-05,5.349999999999999895e-02
-1.360974206119173147e+01,3.414590620120289133e-02,1.592591305163383589e-05,5.349999999999999895e-02
-1.355266138673709975e+01,3.411899878407691905e-02,1.594382151128115430e-05,5.349999999999999895e-02
-1.363507752055233979e+01,3.078142605858450939e-02,1.567622957868618422e-05,5.349999999999999895e-02
-1.358268575586297899e+01,2.814442296103683572e-02,1.548983918948008989e-05,5.349999999999999895e-02
-1.360364990283001063e+01,3.327693377945542541e-02,1.586244870112883573e-05,5.349999999999999895e-02
-1.365061994272264201e+01,3.019368600248973147e-02,1.564955818276173607e-05,5.349999999999999895e-02
-1.362234864913001076e+01,3.253073591276243320e-02,1.579636201465154846e-05,5.349999999999999895e-02
-1.363448335678529588e+01,3.202541553704339045e-02,1.578822599056165096e-05,5.349999999999999895e-02
-1.358473849526440169e+01,3.206045839039219081e-02,1.578422615825393182e-05,5.349999999999999895e-02
-1.360806787765655734e+01,3.118414260828352227e-02,1.572798301207405420e-05,5.349999999999999895e-02
-1.358235760625769117e+01,3.108516202491489258e-02,1.573470201486767704e-05,5.349999999999999895e-02
-1.366455869585547234e+01,3.091862198134141815e-02,1.570991576443447299e-05,5.349999999999999895e-02
-1.367426188248299113e+01,3.310938208824647927e-02,1.583960093987992499e-05,5.349999999999999895e-02
-1.343860486257361408e+01,3.313822318391678595e-02,1.585756533659177030e-05,5.349999999999999895e-02
-1.355169979008974046e+01,3.577611744869890059e-02,1.602050442376636981e-05,5.349999999999999895e-02
-1.356549928156676188e+01,3.406703982138739595e-02,1.591788043771578579e-05,5.349999999999999895e-02
-1.355914721859361372e+01,3.036810489684074396e-02,1.566084887398542605e-05,5.349999999999999895e-02
-1.359119242860260002e+01,3.550033649328201979e-02,1.602141863885994818e-05,5.349999999999999895e-02
-1.358487730917764402e+01,2.927958035023272773e-02,1.556927509877697595e-05,5.349999999999999895e-02
-1.361808300020694951e+01,3.138733749876513462e-02,1.571415716709433023e-05,5.349999999999999895e-02
-1.358842552958670957e+01,3.078415217218444938e-02,1.569223320528125257e-05,5.349999999999999895e-02
-1.359329580631780132e+01,3.282790521052269400e-02,1.583890447548701972e-05,5.349999999999999895e-02
-1.357953935340828977e+01,3.367485730715921721e-02,1.587369349498010909e-05,5.349999999999999895e-02
-1.354981315281642118e+01,3.223235583576874314e-02,1.578809902661308683e-05,5.349999999999999895e-02
-1.357457876911552930e+01,3.178864207857837187e-02,1.574386072586949275e-05,5.349999999999999895e-02
-1.362962393572477815e+01,3.366639169996618608e-02,1.590166804124317908e-05,5.349999999999999895e-02
-1.353702056954704247e+01,3.206996342805060185e-02,1.577507356730526336e-05,5.349999999999999895e-02
-1.366850240339025113e+01,3.240516603419932307e-02,1.578778180399772351e-05,5.349999999999999895e-02
-1.360631554739819649e+01,2.912854736333252148e-02,1.553587655122198356e-05,5.349999999999999895e-02
-1.361253395529067944e+01,3.084350560385199641e-02,1.568397221158188896e-05,5.349999999999999895e-02
-1.362095117004299816e+01,2.777363988737818409e-02,1.547490665844389023e-05,5.349999999999999895e-02
-1.360142736281846076e+01,3.282903894979251336e-02,1.584026424305068283e-05,5.349999999999999895e-02
-1.366559000023664971e+01,3.083935387837863015e-02,1.566779012371928090e-05,5.349999999999999895e-02
-1.364481647139854026e+01,3.127432773581702991e-02,1.575854477862176749e-05,5.349999999999999895e-02
-1.356654342913982170e+01,3.470134313134499299e-02,1.595795996069928325e-05,5.349999999999999895e-02
-1.358429661559733503e+01,3.298407925486711301e-02,1.584987798488659980e-05,5.349999999999999895e-02
-1.357393863226292297e+01,3.132436816724273182e-02,1.568662626783649456e-05,5.349999999999999895e-02
-1.361909434497603044e+01,3.278145966073581219e-02,1.585063719378817352e-05,5.349999999999999895e-02
-1.364956226253936755e+01,3.199892725542450439e-02,1.579291954766211283e-05,5.349999999999999895e-02
-1.359773263844004809e+01,3.191972339866216285e-02,1.576981342519472194e-05,5.349999999999999895e-02
-1.366594357183747910e+01,3.300127143586583517e-02,1.584671925290299154e-05,5.349999999999999895e-02
-1.361690318815713674e+01,3.006681809672091463e-02,1.567084849903056584e-05,5.349999999999999895e-02
-1.358362916588975189e+01,3.353494717484811760e-02,1.587896775062250658e-05,5.349999999999999895e-02
-1.363580380463649711e+01,3.058700231679730916e-02,1.571091932457589432e-05,5.349999999999999895e-02
-1.357972173111242320e+01,3.132082491760799364e-02,1.572907100580441412e-05,5.349999999999999895e-02
-1.362335838865725890e+01,3.242001303677215923e-02,1.582154471158103679e-05,5.349999999999999895e-02
-1.357781275278476585e+01,3.358352317410510934e-02,1.590447366761840882e-05,5.349999999999999895e-02
-1.365922391770626731e+01,3.328094652796473318e-02,1.587674530265292876e-05,5.349999999999999895e-02
-1.363455767480037473e+01,3.509652425112599894e-02,1.601043303941156754e-05,5.349999999999999895e-02
-1.359029322401355344e+01,2.932450591992563638e-02,1.562984223400872735e-05,5.349999999999999895e-02
-1.360365224340842261e+01,3.367493753978023641e-02,1.589762150146415120e-05,5.349999999999999895e-02
-1.362792479348826191e+01,3.161780973962947938e-02,1.577072186633263234e-05,5.349999999999999895e-02
-1.353198755415762200e+01,3.402365418268409047e-02,1.593242430700032134e-05,5.349999999999999895e-02
-1.370572222959808606e+01,3.156518946757045502e-02,1.575490274849014317e-05,5.349999999999999895e-02
-1.360028300546689017e+01,3.459631120634752005e-02,1.598827299441662328e-05,5.349999999999999895e-02
-1.353155955419122591e+01,3.305614155774738022e-02,1.584010415477605900e-05,5.349999999999999895e-02
-1.365018183310803224e+01,2.841517552264255161e-02,1.550069361296368611e-05,5.349999999999999895e-02
-1.353793690867619048e+01,3.261855254441232976e-02,1.578207238475158318e-05,5.349999999999999895e-02
-1.357611216616141370e+01,3.057441804907055569e-02,1.568809402753575027e-05,5.349999999999999895e-02
-1.354749532978097371e+01,3.411366856777169748e-02,1.592249492286358780e-05,5.349999999999999895e-02
-1.376282173972315448e+01,2.998544657077183845e-02,1.561364166975007071e-05,5.349999999999999895e-02
-1.357956747401184749e+01,3.553692249776754797e-02,1.600958080812306779e-05,5.349999999999999895e-02
-1.368310434313108281e+01,3.110093484986634071e-02,1.572253680754075010e-05,5.349999999999999895e-02
-1.347031781135057749e+01,3.006335009011918552e-02,1.564631844777200628e-05,5.349999999999999895e-02
-1.356708047518180571e+01,3.049484056850354854e-02,1.566288420049434353e-05,5.349999999999999895e-02
-1.363648195351700032e+01,3.383645227001478434e-02,1.587671252119544519e-05,5.349999999999999895e-02
-1.358294151215940815e+01,3.261884928875544154e-02,1.580871414604414842e-05,5.349999999999999895e-02
-1.360259651749669985e+01,3.090873006757817454e-02,1.566589539265874983e-05,5.349999999999999895e-02
-1.371692199009729585e+01,3.269169674507545198e-02,1.577518807604299763e-05,5.349999999999999895e-02
-1.362932770044767139e+01,3.067716263317260550e-02,1.563175513534298861e-05,5.349999999999999895e-02
-1.357001060114541957e+01,3.552841799269575856e-02,1.605941726035612258e-05,5.349999999999999895e-02
-1.355356734081473213e+01,3.458674150554549853e-02,1.602432552691485286e-05,5.349999999999999895e-02
-1.362695275271334694e+01,3.388539654625855047e-02,1.591480944017983443e-05,5.349999999999999895e-02
-1.351485838944252649e+01,3.206850333154596944e-02,1.578377681227122051e-05,5.349999999999999895e-02
-1.357774526093775158e+01,3.378639595564915388e-02,1.591535664154428883e-05,5.349999999999999895e-02
-1.360369859226416445e+01,3.389205614115454318e-02,1.590365047530721706e-05,5.349999999999999895e-02
-1.353054480555691796e+01,3.358274937700005819e-02,1.587905149432902206e-05,5.349999999999999895e-02
-1.365916307583075984e+01,3.307338534892364373e-02,1.586682718454981311e-05,5.349999999999999895e-02
-1.351930091312269511e+01,3.014330048416354046e-02,1.564633733875310138e-05,5.349999999999999895e-02
-1.358548452102123782e+01,3.035765946539899923e-02,1.566376374597135531e-05,5.349999999999999895e-02
-1.366711978868476152e+01,3.014896302170666162e-02,1.562610624984149451e-05,5.349999999999999895e-02
-1.361508236038018360e+01,3.315538033037423310e-02,1.584036987563617265e-05,5.349999999999999895e-02
-1.356827666222002549e+01,3.317038908879781089e-02,1.585454388705741195e-05,5.349999999999999895e-02
-1.352791874572298525e+01,3.134677697387754092e-02,1.574707160686397286e-05,5.349999999999999895e-02
-1.361776075843033773e+01,3.257227566713579575e-02,1.585867190097407732e-05,5.349999999999999895e-02
-1.353011491850933012e+01,3.340496142649287958e-02,1.586238939786583827e-05,5.349999999999999895e-02
-1.361597982674783758e+01,3.424775874447752444e-02,1.596396152282620942e-05,5.349999999999999895e-02
-1.352328462036248347e+01,2.989532603856030063e-02,1.555399404641369287e-05,5.349999999999999895e-02
-1.366199866309466415e+01,3.160887651124381220e-02,1.576031096853115963e-05,5.349999999999999895e-02
-1.353970733069497001e+01,3.074537230825837714e-02,1.568925425011436525e-05,5.349999999999999895e-02
-1.355163111128297615e+01,3.063007576336219603e-02,1.564629057670063615e-05,5.349999999999999895e-02
-1.359316619085593558e+01,3.379218799661592304e-02,1.592382210399591523e-05,5.349999999999999895e-02
-1.365363055813945969e+01,3.432217607875518578e-02,1.594608312620719747e-05,5.349999999999999895e-02
-1.356141493977616719e+01,3.442955279384181388e-02,1.593122118204334692e-05,5.349999999999999895e-02
-1.352083640806315579e+01,3.007884533578823738e-02,1.560259680887475102e-05,5.349999999999999895e-02
-1.360018727021699902e+01,3.180878972089062201e-02,1.575952785318599211e-05,5.349999999999999895e-02
-1.353748018303594058e+01,3.058594879358360330e-02,1.567404401913073688e-05,5.349999999999999895e-02
-1.363924136641582407e+01,3.008102808564902531e-02,1.560738908713231308e-05,5.349999999999999895e-02
-1.354249865660976404e+01,2.922989137914136851e-02,1.557078056560640166e-05,5.349999999999999895e-02
-1.360071672494272832e+01,3.519647831356127049e-02,1.606854469715565862e-05,5.349999999999999895e-02
-1.365874023191457809e+01,3.071300935667966095e-02,1.564692672959113322e-05,5.349999999999999895e-02
-1.362035246762759577e+01,2.992316719601974609e-02,1.561743558228640246e-05,5.349999999999999895e-02
-1.357078046229985269e+01,2.998657021325316571e-02,1.561991296971784526e-05,5.349999999999999895e-02
-1.363664246588552231e+01,3.246170224199382282e-02,1.578190288828731520e-05,5.349999999999999895e-02
-1.360943810652796060e+01,3.523382482860277359e-02,1.597398691634153495e-05,5.349999999999999895e-02
-1.356261103594594353e+01,2.920146190486538548e-02,1.556790907667868256e-05,5.349999999999999895e-02
-1.366248867435778891e+01,2.945705721035779545e-02,1.561070713150166715e-05,5.349999999999999895e-02
-1.361369776059335202e+01,3.729617478918517692e-02,1.616041098471231779e-05,5.349999999999999895e-02
-1.358450425692364760e+01,3.148603032615535785e-02,1.572159470808039638e-05,5.349999999999999895e-02
-1.367102196618748522e+01,3.298832239784933035e-02,1.579319528734205583e-05,5.349999999999999895e-02
-1.361453139667884393e+01,2.957091827895366731e-02,1.559218188810877759e-05,5.349999999999999895e-02
-1.358309329544485600e+01,3.407572362497412327e-02,1.593957980914018454e-05,5.349999999999999895e-02
-1.350507015273020173e+01,3.062487221531011786e-02,1.567927612269269714e-05,5.349999999999999895e-02
-1.359494698840758886e+01,3.454117359124461717e-02,1.594654081250401504e-05,5.349999999999999895e-02
-1.357749857229916302e+01,3.378548079961454786e-02,1.591783087193234542e-05,5.349999999999999895e-02
-1.353856492034554648e+01,3.072792872933504879e-02,1.569171609838160083e-05,5.349999999999999895e-02
-1.360345955344535973e+01,3.141975628387592978e-02,1.573390000752161386e-05,5.349999999999999895e-02
-1.361830306768535159e+01,3.409983989334942900e-02,1.593358903515842940e-05,5.349999999999999895e-02
-1.360084189465438698e+01,3.101912842768213621e-02,1.570131130041909818e-05,5.349999999999999895e-02
-1.368910769099286462e+01,3.100866946642983485e-02,1.572046435936005473e-05,5.349999999999999895e-02
-1.362575283843396967e+01,3.372871969594935099e-02,1.585749750182341634e-05,5.349999999999999895e-02
-1.365837165413036836e+01,3.331812003595789606e-02,1.583459043504406870e-05,5.349999999999999895e-02
-1.367262824217731421e+01,2.957430572585325115e-02,1.560111459196967707e-05,5.349999999999999895e-02
-1.359194803786578198e+01,3.246268676224706162e-02,1.583132807099522720e-05,5.349999999999999895e-02
-1.354995630103900872e+01,3.629703105942540947e-02,1.607460165682016536e-05,5.349999999999999895e-02
-1.355434100262693953e+01,3.172042594279386035e-02,1.574266920465067435e-05,5.349999999999999895e-02
-1.364569817047706657e+01,3.571941037770891975e-02,1.606891622497626221e-05,5.349999999999999895e-02
-1.355447708172583354e+01,3.206664605562747211e-02,1.573513349994587406e-05,5.349999999999999895e-02
-1.357133950740690587e+01,2.939095645505232501e-02,1.556770344463104488e-05,5.349999999999999895e-02
-1.352049836448311737e+01,2.937221729418833596e-02,1.556627427965223985e-05,5.349999999999999895e-02
-1.356176390008213239e+01,3.223688984410078007e-02,1.578768666045058590e-05,5.349999999999999895e-02
-1.371693902736314108e+01,3.227775254828955942e-02,1.579976864381288712e-05,5.349999999999999895e-02
-1.362896251958131089e+01,3.180740811503861981e-02,1.574331992085874397e-05,5.349999999999999895e-02
-1.357851602213015596e+01,3.138612446397255618e-02,1.569162652981131084e-05,5.349999999999999895e-02
-1.362808362898440429e+01,2.907897715672127029e-02,1.555328101887898577e-05,5.349999999999999895e-02
-1.357025340425743209e+01,3.308842690210399978e-02,1.587169124622152518e-05,5.349999999999999895e-02
-1.363769120692535708e+01,2.911786079232360144e-02,1.556662366437814985e-05,5.349999999999999895e-02
-1.364110723421834059e+01,3.548894821747330952e-02,1.602503631536810486e-05,5.349999999999999895e-02
-1.346802150910554197e+01,3.274641908810516089e-02,1.581624824596447731e-05,5.349999999999999895e-02
-1.365217695373615037e+01,3.319982907979485837e-02,1.586668587798039444e-05,5.349999999999999895e-02
-1.358196310164087173e+01,3.013827367513605485e-02,1.566169081552777579e-05,5.349999999999999895e-02
-1.353169364569242639e+01,3.493926311813311258e-02,1.602448363371757823e-05,5.349999999999999895e-02
-1.352799230642777673e+01,2.914404438536062278e-02,1.557167395193034243e-05,5.349999999999999895e-02
-1.357929437222290936e+01,3.492338660023061592e-02,1.598711148489876754e-05,5.349999999999999895e-02
-1.355611720458814240e+01,3.350214840933214699e-02,1.586641436896785612e-05,5.349999999999999895e-02
-1.366996179160621416e+01,2.968539528974045716e-02,1.566845838034232604e-05,5.349999999999999895e-02
-1.354950591831063100e+01,3.492099491860212179e-02,1.601081141368742132e-05,5.349999999999999895e-02
-1.353162539694613642e+01,2.749547217409424593e-02,1.539279432779167055e-05,5.349999999999999895e-02
-1.358539734895016693e+01,2.850864299160554144e-02,1.552041770119156776e-05,5.349999999999999895e-02
-1.358000567163321470e+01,3.409178397058284377e-02,1.594755721881561229e-05,5.349999999999999895e-02
-1.351728220040469708e+01,3.147236823577142378e-02,1.576001424982724478e-05,5.349999999999999895e-02
-1.352779344057070077e+01,3.317254199249771579e-02,1.583942358475712921e-05,5.349999999999999895e-02
-1.363567581533574646e+01,3.170228161886078783e-02,1.574309088113025624e-05,5.349999999999999895e-02
-1.359572334487504364e+01,3.079086447515807720e-02,1.570828451138575008e-05,5.349999999999999895e-02
-1.358124635630387367e+01,3.357955497503760378e-02,1.586743191390579665e-05,5.349999999999999895e-02
-1.361761731512097384e+01,2.808226131947413190e-02,1.548559740584093370e-05,5.349999999999999895e-02
-1.360745602943213228e+01,3.379773856844853208e-02,1.589656920316703380e-05,5.349999999999999895e-02
-1.350266795402811226e+01,3.187075838583715987e-02,1.575370032679232580e-05,5.349999999999999895e-02
-1.366726057138061456e+01,3.385179318315423985e-02,1.591155011967284173e-05,5.349999999999999895e-02
-1.355940192350933771e+01,3.256643608707474741e-02,1.582947234136078453e-05,5.349999999999999895e-02
-1.350832743452982854e+01,3.425498077728044571e-02,1.595171457614753157e-05,5.349999999999999895e-02
-1.359270504921491884e+01,3.085514350732336195e-02,1.567258844459491919e-05,5.349999999999999895e-02
-1.355678864942706241e+01,2.950488686944489208e-02,1.557925709363503432e-05,5.349999999999999895e-02
-1.357924098961552239e+01,3.356201093349461817e-02,1.588459613606979116e-05,5.349999999999999895e-02
-1.360560504165131412e+01,2.707074955051020498e-02,1.538295528712860591e-05,5.349999999999999895e-02
-1.358735605794206691e+01,3.186247360271819012e-02,1.575914501686057981e-05,5.349999999999999895e-02
-1.355417239865034418e+01,2.987567426394746248e-02,1.559339207925450145e-05,5.349999999999999895e-02
-1.366461268091462600e+01,3.172904146807795089e-02,1.578212762207756078e-05,5.349999999999999895e-02
-1.363894058721414382e+01,2.839577553707410204e-02,1.550780796811833992e-05,5.349999999999999895e-02
-1.356762219685266579e+01,3.637455767032819753e-02,1.613143700530856618e-05,5.349999999999999895e-02
-1.360485626791377634e+01,2.997158725846823038e-02,1.564825454477230773e-05,5.349999999999999895e-02
-1.360226712754678147e+01,3.194982561524924852e-02,1.579639328332679585e-05,5.349999999999999895e-02
-1.353392742086552225e+01,3.064776380784738075e-02,1.567762419284554230e-05,5.349999999999999895e-02
-1.356393882595459566e+01,3.332732687561552887e-02,1.588847663711454369e-05,5.349999999999999895e-02
-1.352447741247825697e+01,3.089107262389496900e-02,1.570687180939548311e-05,5.349999999999999895e-02
-1.366445809693788682e+01,3.109055918083241526e-02,1.571616658535906637e-05,5.349999999999999895e-02
-1.357306974783565323e+01,3.394668574119135557e-02,1.592319871063066605e-05,5.349999999999999895e-02
-1.355841469343450534e+01,2.949680289941076713e-02,1.558608106124233990e-05,5.349999999999999895e-02
-1.354652063084458469e+01,3.101394049082799656e-02,1.567632469965565863e-05,5.349999999999999895e-02
-1.355429607369177170e+01,3.333545545336375621e-02,1.589070300101128792e-05,5.349999999999999895e-02
-1.365954964200079225e+01,3.485003733990667263e-02,1.598913227382017482e-05,5.349999999999999895e-02
-1.357731267135970121e+01,3.139487431648890076e-02,1.575423001885090910e-05,5.349999999999999895e-02
-1.362753834614627024e+01,3.167734631636742043e-02,1.569381073760694217e-05,5.349999999999999895e-02
-1.359261750025594040e+01,3.276360580366542014e-02,1.586212254603147021e-05,5.349999999999999895e-02
-1.355075517275264474e+01,3.662776449048307098e-02,1.613733489614897109e-05,5.349999999999999895e-02
-1.360610092335999965e+01,2.886394306674879007e-02,1.553490763207255839e-05,5.349999999999999895e-02
-1.358401395211983242e+01,3.599910552357644955e-02,1.605127591271313719e-05,5.349999999999999895e-02
-1.360779889674991239e+01,3.069925860857829203e-02,1.565354308943606702e-05,5.349999999999999895e-02
-1.362386741462208306e+01,2.786676457121859893e-02,1.547304817212525051e-05,5.349999999999999895e-02
-1.354168108459988673e+01,3.152390464993262698e-02,1.575262353518867245e-05,5.349999999999999895e-02
-1.349406989642222854e+01,3.503001409459813309e-02,1.599859282146917888e-05,5.349999999999999895e-02
-1.369885335001643689e+01,3.032090729770212101e-02,1.565428782359179965e-05,5.349999999999999895e-02
-1.352796446536007657e+01,2.961066412612205559e-02,1.560888377917611032e-05,5.349999999999999895e-02
-1.360820250068461235e+01,3.069184238739910628e-02,1.569012572506045948e-05,5.349999999999999895e-02
-1.363244811520300814e+01,3.180105682731342726e-02,1.576496905363576018e-05,5.349999999999999895e-02
-1.360784950846261054e+01,3.132995748750760229e-02,1.568492252231107255e-05,5.349999999999999895e-02
-1.359205929680583402e+01,3.172840927494437191e-02,1.574233363596265397e-05,5.349999999999999895e-02
-1.359828010365568574e+01,3.234813317543805411e-02,1.581409856585433237e-05,5.349999999999999895e-02
-1.360508078930365450e+01,3.103356396159484901e-02,1.570563688284434085e-05,5.349999999999999895e-02
-1.374150547051679538e+01,2.903085260425616529e-02,1.555844794737359018e-05,5.349999999999999895e-02
-1.357462964274436779e+01,3.217960842903228730e-02,1.578801290539564653e-05,5.349999999999999895e-02
-1.370077907943468887e+01,3.013977089385375119e-02,1.565019738912392711e-05,5.349999999999999895e-02
-1.353871850204868466e+01,3.400084535775585448e-02,1.591929457224720105e-05,5.349999999999999895e-02
-1.376197994761646903e+01,3.168079353924280195e-02,1.573315602673250554e-05,5.349999999999999895e-02
-1.365765628285054412e+01,3.153828264680351434e-02,1.573515946534461996e-05,5.349999999999999895e-02
-1.348564926983492995e+01,3.152060840794853463e-02,1.572845508828174177e-05,5.349999999999999895e-02
-1.358122518953848434e+01,2.988329207904973431e-02,1.564234428949372806e-05,5.349999999999999895e-02
-1.355137761611414504e+01,3.339167811602562069e-02,1.585866154477520427e-05,5.349999999999999895e-02
-1.361531284728070901e+01,3.338826349106452374e-02,1.590085812377815171e-05,5.349999999999999895e-02
-1.371586972928041526e+01,3.026551552047009389e-02,1.562277237748731649e-05,5.349999999999999895e-02
-1.355033249349522784e+01,3.150927155986745637e-02,1.571408332946339819e-05,5.349999999999999895e-02
-1.361612583107764429e+01,3.123967044591172831e-02,1.572483520901108334e-05,5.349999999999999895e-02
-1.353326089449496195e+01,3.337802375644281783e-02,1.587545264055358857e-05,5.349999999999999895e-02
-1.357967232472899255e+01,2.911672824837581094e-02,1.554371488960613768e-05,5.349999999999999895e-02
-1.369639811221772696e+01,3.540679948927746151e-02,1.598006787233396988e-05,5.349999999999999895e-02
-1.365113521297718258e+01,3.487257346945492331e-02,1.597601518169749344e-05,5.349999999999999895e-02
-1.358530505572632663e+01,3.373480029435717981e-02,1.590859692411411216e-05,5.349999999999999895e-02
-1.360738875774384660e+01,2.828979073946422812e-02,1.552493368883146662e-05,5.349999999999999895e-02
-1.357168890375834103e+01,3.243470338601047581e-02,1.579663200600811112e-05,5.349999999999999895e-02
-1.352054747101242782e+01,3.402551513964439250e-02,1.598548691733167731e-05,5.349999999999999895e-02
-1.362246486443587123e+01,3.122531009158332690e-02,1.570611549638079526e-05,5.349999999999999895e-02
-1.357642793890152788e+01,3.525179853837522720e-02,1.599148499002779633e-05,5.349999999999999895e-02
-1.358580772831926708e+01,3.103184120151643299e-02,1.572911013165470597e-05,5.349999999999999895e-02
-1.359845290656505412e+01,3.255380512911806856e-02,1.582959057418462516e-05,5.349999999999999895e-02
-1.359961144827573953e+01,3.492062109481650078e-02,1.599952310340435694e-05,5.349999999999999895e-02
-1.355635618307607793e+01,3.101279956608742061e-02,1.569889941184740589e-05,5.349999999999999895e-02
-1.358808845661440579e+01,3.191253501632175527e-02,1.575632723005732392e-05,5.349999999999999895e-02
-1.364997682104174359e+01,3.186287941383466465e-02,1.575676984597885525e-05,5.349999999999999895e-02
-1.353266661840056173e+01,3.097187744270419110e-02,1.567325956301868925e-05,5.349999999999999895e-02
-1.377360190965126208e+01,3.139227169307561016e-02,1.571411087450743656e-05,5.349999999999999895e-02
-1.366463432468971817e+01,3.337709990345898853e-02,1.586687634218759876e-05,5.349999999999999895e-02
-1.365763248216381243e+01,2.905538736157647559e-02,1.557623399873507968e-05,5.349999999999999895e-02
-1.357797856963693306e+01,3.611843983872249642e-02,1.605919316042743832e-05,5.349999999999999895e-02
-1.357540998595522375e+01,3.526046344316729336e-02,1.599642080249514129e-05,5.349999999999999895e-02
-1.351865286436594005e+01,3.051152591928500343e-02,1.568306049947988207e-05,5.349999999999999895e-02
-1.356059405963726938e+01,3.069285307259646961e-02,1.566067474374022655e-05,5.349999999999999895e-02
-1.358999531294589147e+01,3.035914184060942156e-02,1.563704998610056167e-05,5.349999999999999895e-02
-1.357899490712891932e+01,2.993036190605697505e-02,1.561327068149382521e-05,5.349999999999999895e-02
-1.351315390183495779e+01,3.330931013090702303e-02,1.587937857984596089e-05,5.349999999999999895e-02
-1.371087267864780124e+01,3.499540442874787827e-02,1.599878821079130521e-05,5.349999999999999895e-02
-1.361778318839612645e+01,3.355076392087306958e-02,1.592878205357695806e-05,5.349999999999999895e-02
-1.355804064922039132e+01,3.307898832664772637e-02,1.584420246005435992e-05,5.349999999999999895e-02
-1.364104361055560766e+01,3.033961623141221906e-02,1.563000807386793372e-05,5.349999999999999895e-02
-1.360179081779707388e+01,3.340008466205939691e-02,1.590694467885828809e-05,5.349999999999999895e-02
-1.355397683406468623e+01,3.012125654916893852e-02,1.565581045275804737e-05,5.349999999999999895e-02
-1.359927810409620719e+01,3.437841463265202402e-02,1.592768194778370605e-05,5.349999999999999895e-02
-1.357063528473174863e+01,3.531764373928619749e-02,1.605310972074332158e-05,5.349999999999999895e-02
-1.351590670639093972e+01,3.343050885810548017e-02,1.587925658512998240e-05,5.349999999999999895e-02
-1.369383930304747743e+01,3.545679385393863542e-02,1.601221630713658888e-05,5.349999999999999895e-02
-1.364670225340391596e+01,3.179805667507881045e-02,1.575321450082874707e-05,5.349999999999999895e-02
-1.362552354555756828e+01,3.330091157536468199e-02,1.585350181267329900e-05,5.349999999999999895e-02
-1.346973592238072470e+01,3.093651762149679171e-02,1.570861346558694626e-05,5.349999999999999895e-02
-1.366680459817305326e+01,2.739125724142685986e-02,1.541751744080437460e-05,5.349999999999999895e-02
-1.355988759661165588e+01,3.190924922498612065e-02,1.576097605647492028e-05,5.349999999999999895e-02
-1.360054351626940061e+01,3.176659878932955317e-02,1.576908774499053467e-05,5.349999999999999895e-02
-1.357623164430011720e+01,3.050046259242250937e-02,1.563727305182115689e-05,5.349999999999999895e-02
-1.352030644191513709e+01,3.378689324147382544e-02,1.588876448309335345e-05,5.349999999999999895e-02
-1.360749238092461333e+01,3.211077626323150663e-02,1.579294446907418767e-05,5.349999999999999895e-02
-1.353997127352709562e+01,3.469905108878996308e-02,1.597534380107104587e-05,5.349999999999999895e-02
-1.358348791130029731e+01,3.295723555675662830e-02,1.587607512756421247e-05,5.349999999999999895e-02
-1.360456623441482904e+01,3.237916966754930681e-02,1.580919123855049853e-05,5.349999999999999895e-02
-1.350951319560133435e+01,2.955158378079996914e-02,1.559243478536218903e-05,5.349999999999999895e-02
-1.360925881359121803e+01,3.577271160822716178e-02,1.602918683874682100e-05,5.349999999999999895e-02
-1.355066290931837258e+01,3.234755079009640766e-02,1.579572156658381397e-05,5.349999999999999895e-02
-1.365363886071470922e+01,3.041338833358034691e-02,1.565041833720330912e-05,5.349999999999999895e-02
-1.360849566813765676e+01,2.961891177269442357e-02,1.556657614051201068e-05,5.349999999999999895e-02
-1.352549839914018293e+01,3.195441845207312725e-02,1.579518960614116881e-05,5.349999999999999895e-02
-1.360871824933084717e+01,3.262806089203480059e-02,1.581440314752657691e-05,5.349999999999999895e-02
-1.358294850149217226e+01,3.336589655854685366e-02,1.591939864639022888e-05,5.349999999999999895e-02
-1.363862101851002429e+01,3.228683869524501260e-02,1.579848304005597269e-05,5.349999999999999895e-02
-1.366622614024670490e+01,2.793307272077960243e-02,1.542515891273266249e-05,5.349999999999999895e-02
-1.357445307035420967e+01,3.592342026307343561e-02,1.607007592066264699e-05,5.349999999999999895e-02
-1.356586312787929138e+01,3.249374523923515001e-02,1.581035572538036149e-05,5.349999999999999895e-02
-1.352543515134431296e+01,2.944227502154630680e-02,1.553647196425047249e-05,5.349999999999999895e-02
-1.356315130463205243e+01,3.592253978288473953e-02,1.606602035979994115e-05,5.349999999999999895e-02
-1.355782442305623370e+01,3.213580659560472813e-02,1.576864242475418018e-05,5.349999999999999895e-02
-1.368865160520331692e+01,3.073882538802099121e-02,1.567367155105106274e-05,5.349999999999999895e-02
-1.362686695326185671e+01,2.824776767092944396e-02,1.548058663880184086e-05,5.349999999999999895e-02
-1.361690251306924182e+01,2.874076359755249610e-02,1.552347522524359389e-05,5.349999999999999895e-02
-1.357674343884004031e+01,3.187109668986697064e-02,1.575432377315557944e-05,5.349999999999999895e-02
-1.356487791834691592e+01,3.566244426942487972e-02,1.601695157366760395e-05,5.349999999999999895e-02
-1.354768906423081809e+01,3.242864621992617991e-02,1.583311293057553112e-05,5.349999999999999895e-02
-1.362902502788596948e+01,3.444653895864899923e-02,1.596007376337021152e-05,5.349999999999999895e-02
-1.362721818171046984e+01,3.206525451441171598e-02,1.580629424612032215e-05,5.349999999999999895e-02
-1.350339058272013126e+01,3.151166829386411322e-02,1.575973586488491876e-05,5.349999999999999895e-02
-1.351965847547330490e+01,3.402262719078612274e-02,1.590156324728725652e-05,5.349999999999999895e-02
-1.358400636976142017e+01,3.087725835867326935e-02,1.565296061957031435e-05,5.349999999999999895e-02
-1.357953055639294249e+01,2.926335858908123491e-02,1.556110813029641963e-05,5.349999999999999895e-02
-1.350258746727445214e+01,3.391835309209999261e-02,1.590304526643213982e-05,5.349999999999999895e-02
-1.352617923144337908e+01,2.988351650260134829e-02,1.560826680091037151e-05,5.349999999999999895e-02
-1.359230001722051107e+01,3.263009397155452324e-02,1.581050669352569501e-05,5.349999999999999895e-02
-1.354482808263588645e+01,3.103078361521356340e-02,1.570455388588550504e-05,5.349999999999999895e-02
-1.353906008835054209e+01,3.060362374909059505e-02,1.565735887458913673e-05,5.349999999999999895e-02
-1.371333359630456883e+01,3.284090874559526113e-02,1.582429274450271764e-05,5.349999999999999895e-02
-1.366730091258776270e+01,3.512860483907876558e-02,1.603801977389442365e-05,5.349999999999999895e-02
-1.355073319832952272e+01,3.407018748579612732e-02,1.593781250063751355e-05,5.349999999999999895e-02
-1.357745221936486857e+01,3.659805019591052394e-02,1.606811848986235068e-05,5.349999999999999895e-02
-1.355827006639884758e+01,3.165374558584081038e-02,1.578154621370422091e-05,5.349999999999999895e-02
-1.359077321259617932e+01,3.367957269704317802e-02,1.590298439419913487e-05,5.349999999999999895e-02
-1.357524575913908826e+01,3.414850606606911060e-02,1.593661584812317375e-05,5.349999999999999895e-02
-1.349123604162205936e+01,2.936081371490873240e-02,1.556783301979441852e-05,5.349999999999999895e-02
-1.364449727878813690e+01,3.330310879024654669e-02,1.587909949658898183e-05,5.349999999999999895e-02
-1.362547192265790841e+01,3.255560964250426431e-02,1.586721750303243963e-05,5.349999999999999895e-02
-1.362084689513670277e+01,2.759606004923383440e-02,1.547091432477763241e-05,5.349999999999999895e-02
-1.351246807638402458e+01,3.309183489523760680e-02,1.584472836179467441e-05,5.349999999999999895e-02
-1.364017876785506189e+01,3.259073654660380598e-02,1.579338594549518690e-05,5.349999999999999895e-02
-1.370513050164976931e+01,2.805228672202935911e-02,1.545844650033212310e-05,5.349999999999999895e-02
-1.357433998806839348e+01,3.422719264019395691e-02,1.591859451539464964e-05,5.349999999999999895e-02
-1.362483577918412436e+01,2.522842895697690116e-02,1.528409918816077526e-05,5.349999999999999895e-02
-1.361196638242770085e+01,2.972912188830821936e-02,1.563056340052496827e-05,5.349999999999999895e-02
-1.358944369626867577e+01,3.299003512869189136e-02,1.581367420621141405e-05,5.349999999999999895e-02
-1.366829640757305420e+01,2.957849296101306216e-02,1.558888572737051375e-05,5.349999999999999895e-02
-1.362774856130174150e+01,3.119220210053656045e-02,1.570220519836335998e-05,5.349999999999999895e-02
-1.364944958232880090e+01,3.309451007086381541e-02,1.584064885491677762e-05,5.349999999999999895e-02
-1.358055908656818644e+01,3.195871226469538390e-02,1.576134904753023576e-05,5.349999999999999895e-02
-1.356758149519009216e+01,3.201099093769074755e-02,1.574800687265533688e-05,5.349999999999999895e-02
-1.351831235016679145e+01,2.992204085669456989e-02,1.559917166285979730e-05,5.349999999999999895e-02
-1.361458704181282187e+01,3.540595595803888024e-02,1.606163008935210045e-05,5.349999999999999895e-02
-1.372187082212458975e+01,3.381512975424415257e-02,1.595000886879038778e-05,5.349999999999999895e-02
-1.364760984928285126e+01,3.013026654470608162e-02,1.564451365637627435e-05,5.349999999999999895e-02
-1.361427880641688049e+01,3.097845538375501237e-02,1.570765062536993265e-05,5.349999999999999895e-02
-1.350754923197640878e+01,3.140700119944794116e-02,1.569400432855891684e-05,5.349999999999999895e-02
-1.362813236933212657e+01,3.174638745068573270e-02,1.574741484276405637e-05,5.349999999999999895e-02
-1.357197523619861457e+01,3.294612652593807700e-02,1.581689248118218775e-05,5.349999999999999895e-02
-1.350772078396809839e+01,3.070441982846409956e-02,1.568546008932968848e-05,5.349999999999999895e-02
-1.357621276695894252e+01,3.372615174263331878e-02,1.594255295113009891e-05,5.349999999999999895e-02
-1.361264159677621954e+01,3.094663431236018003e-02,1.570100289814464298e-05,5.349999999999999895e-02
-1.349084152937238379e+01,3.137806049376656164e-02,1.574690976068653523e-05,5.349999999999999895e-02
-1.352549398637868450e+01,3.240153077921724412e-02,1.585654036991481161e-05,5.349999999999999895e-02
-1.358662498879767178e+01,3.132668307039371269e-02,1.573219138481819486e-05,5.349999999999999895e-02
-1.364424019134190935e+01,3.339732846263804983e-02,1.587808748598694319e-05,5.349999999999999895e-02
-1.355196165255313900e+01,2.989140098371298807e-02,1.558152215777271050e-05,5.349999999999999895e-02
-1.362725230881585148e+01,3.428195328392746183e-02,1.591977660814808792e-05,5.349999999999999895e-02
-1.359755352452102883e+01,2.979760010630503123e-02,1.563546589771493044e-05,5.349999999999999895e-02
-1.352960371341234769e+01,3.177936940923035275e-02,1.579782986075661480e-05,5.349999999999999895e-02
-1.351478984122733884e+01,3.404978867468657494e-02,1.591046781172029880e-05,5.349999999999999895e-02
-1.361627160994746788e+01,2.980757421228134862e-02,1.559340313999839532e-05,5.349999999999999895e-02
-1.361733610276029616e+01,3.285758553721997849e-02,1.581679941834641289e-05,5.349999999999999895e-02
-1.358013342529784317e+01,3.072938241121379865e-02,1.567632363472866615e-05,5.349999999999999895e-02
-1.354579964474716114e+01,3.368900574379837115e-02,1.590938418940133757e-05,5.349999999999999895e-02
-1.360729717330452537e+01,3.392357420801722645e-02,1.591385968446646198e-05,5.349999999999999895e-02
-1.350221409820695229e+01,3.425826326069458805e-02,1.592469838341165032e-05,5.349999999999999895e-02
-1.362419121124355925e+01,3.346887521650561415e-02,1.587243012708209399e-05,5.349999999999999895e-02
-1.375709723505220339e+01,3.241706284276315436e-02,1.577752884060589086e-05,5.349999999999999895e-02
-1.359520007759926585e+01,3.459828911402642454e-02,1.594785757816011493e-05,5.349999999999999895e-02
-1.362939075205128603e+01,3.384826324238352641e-02,1.591647645336884221e-05,5.349999999999999895e-02
-1.366255649534480909e+01,2.917651884838407678e-02,1.556740751645463813e-05,5.349999999999999895e-02
-1.366613511938141379e+01,3.095653586363790108e-02,1.569029588455655511e-05,5.349999999999999895e-02
-1.351253412779254148e+01,3.038866923411525506e-02,1.559965794716651390e-05,5.349999999999999895e-02
-1.365896569394008964e+01,2.732289894900811686e-02,1.539953750298030214e-05,5.349999999999999895e-02
-1.367848282654839309e+01,2.987012756824777501e-02,1.561197898350816501e-05,5.349999999999999895e-02
-1.364900504639585144e+01,3.141350485500499917e-02,1.571927361256248747e-05,5.349999999999999895e-02
-1.365502616115087342e+01,3.139513220085136253e-02,1.570859769148452066e-05,5.349999999999999895e-02
-1.353024182037193945e+01,2.900555657922032973e-02,1.555353662081905767e-05,5.349999999999999895e-02
-1.362229858117226833e+01,3.363219172571803306e-02,1.592417586244322507e-05,5.349999999999999895e-02
-1.361470650908587920e+01,2.826147968256500359e-02,1.547319572518817175e-05,5.349999999999999895e-02
-1.351080229557801893e+01,3.825293500128014446e-02,1.622306633110630146e-05,5.349999999999999895e-02
-1.363928289565942720e+01,3.332271241869643602e-02,1.587905152445545306e-05,5.349999999999999895e-02
-1.351188799262281925e+01,2.899221029259545571e-02,1.553282082482543351e-05,5.349999999999999895e-02
-1.363114447227793313e+01,3.361321108164252308e-02,1.588051494361657003e-05,5.349999999999999895e-02
-1.375281682818998519e+01,3.106948892630686382e-02,1.571336254215462253e-05,5.349999999999999895e-02
-1.364683051697786098e+01,3.328095740621923870e-02,1.589225179564929228e-05,5.349999999999999895e-02
-1.362003695046191609e+01,3.180121066866797852e-02,1.575508166405389726e-05,5.349999999999999895e-02
-1.360150029457496856e+01,3.196548600530285666e-02,1.578530787431593467e-05,5.349999999999999895e-02
-1.359045732971981302e+01,3.353560485146673403e-02,1.587870116458237125e-05,5.349999999999999895e-02
-1.357787190444864223e+01,3.137027422741278659e-02,1.570828909369881505e-05,5.349999999999999895e-02
-1.357441649878353829e+01,3.334331727700261955e-02,1.586447114536436662e-05,5.349999999999999895e-02
-1.360937772897056952e+01,2.974715328371653478e-02,1.563113538802073387e-05,5.349999999999999895e-02
-1.359500294547411592e+01,3.258133323211125781e-02,1.579648590881933115e-05,5.349999999999999895e-02
-1.356669672379857516e+01,3.414966242499799937e-02,1.590301088042217023e-05,5.349999999999999895e-02
-1.361757658602739518e+01,3.307489386420769256e-02,1.588428078934015254e-05,5.349999999999999895e-02
-1.355944843756420681e+01,3.446709574469011828e-02,1.595545419769965910e-05,5.349999999999999895e-02
-1.353333860427526325e+01,3.343513054236218335e-02,1.587238758283590878e-05,5.349999999999999895e-02
-1.371340359570834266e+01,3.487929634121652439e-02,1.596778340625387100e-05,5.349999999999999895e-02
-1.360247304870026142e+01,3.069176252330567400e-02,1.567972025137941218e-05,5.349999999999999895e-02
-1.362717378741236018e+01,3.191482908312220923e-02,1.575004626835675047e-05,5.349999999999999895e-02
-1.360695841946269269e+01,3.186000604661692187e-02,1.572756087528383274e-05,5.349999999999999895e-02
-1.366012604429091937e+01,3.072419062406746976e-02,1.566647940172981627e-05,5.349999999999999895e-02
-1.347379383779076178e+01,3.516743330176687332e-02,1.598946917665466241e-05,5.349999999999999895e-02
-1.360405391731794644e+01,2.797502172376565080e-02,1.549559145475032216e-05,5.349999999999999895e-02
-1.356039862970908771e+01,3.157751751248762118e-02,1.575193136190944197e-05,5.349999999999999895e-02
-1.365054732257481973e+01,3.101550406579416108e-02,1.569538123445837443e-05,5.349999999999999895e-02
-1.355417942920413488e+01,3.185179104565153546e-02,1.576751134475650194e-05,5.349999999999999895e-02
-1.356882064750357486e+01,3.379894685114074454e-02,1.587206624016998212e-05,5.349999999999999895e-02
-1.362145302296411131e+01,3.298318039074492336e-02,1.581380916784193213e-05,5.349999999999999895e-02
-1.358788407335012849e+01,3.071411208820572919e-02,1.568079038498999318e-05,5.349999999999999895e-02
-1.364522681662994685e+01,3.068673755548223872e-02,1.566712905182069353e-05,5.349999999999999895e-02
-1.357829011236632510e+01,3.356488543723100404e-02,1.587891219364990657e-05,5.349999999999999895e-02
-1.358211542613987355e+01,3.541482210884018544e-02,1.598222154952586704e-05,5.349999999999999895e-02
-1.354906396209737984e+01,3.123916782339162743e-02,1.569153660599276003e-05,5.349999999999999895e-02
-1.354767304549913298e+01,3.665831826741278859e-02,1.614614203501631089e-05,5.349999999999999895e-02
-1.361136225670109390e+01,2.936880185975184951e-02,1.560075677787799370e-05,5.349999999999999895e-02
-1.370646175329533278e+01,2.931787293172229136e-02,1.559123802575300815e-05,5.349999999999999895e-02
-1.364197482691508867e+01,2.760358769853680019e-02,1.547227390187670468e-05,5.349999999999999895e-02
-1.363588961410855482e+01,3.191205482692511392e-02,1.574895672656433766e-05,5.349999999999999895e-02
-1.365268805700487675e+01,3.515769050432308168e-02,1.596346153471388206e-05,5.349999999999999895e-02
-1.363609840562279629e+01,3.193998458932124918e-02,1.573441033804932494e-05,5.349999999999999895e-02
-1.363785295292296063e+01,3.159764383778877056e-02,1.575478430768407424e-05,5.349999999999999895e-02
