-1.359878936932536142e+01,3.190514686553455603e-02,1.571178908109762876e-05,5.349999999999999895e-02
-1.359789268518532168e+01,3.195114586605295875e-02,1.575688037956156923e-05,5.349999999999999895e-02
-1.360057581706967511e+01,3.189739668820967128e-02,1.568081322792631320e-05,5.349999999999999895e-02
-1.359979321113118544e+01,3.188237801435205021e-02,1.568422541933134795e-05,5.349999999999999895e-02
-1.359874548724829246e+01,3.191637675568290838e-02,1.572213043482089930e-05,5.349999999999999895e-02
-1.359879060452245270e+01,3.194036027063904687e-02,1.574044010122804561e-05,5.349999999999999895e-02
-1.359643895759108112e+01,3.196120029867063200e-02,1.578856186365515220e-05,5.349999999999999895e-02
-1.359845649755146724e+01,3.192958057404278460e-02,1.573661561866395602e-05,5.349999999999999895e-02
-1.359872532891764330e+01,3.193959473181800374e-02,1.573510886885262750e-05,5.349999999999999895e-02
-1.359795635627768817e+01,3.195508207790707239e-02,1.576499319853161390e-05,5.349999999999999895e-02
-1.360026082220011290e+01,3.194803210550788836e-02,1.571970205045324315e-05,5.349999999999999895e-02
-1.359902072175430021e+01,3.192258218849280266e-02,1.572255663167836830e-05,5.349999999999999895e-02
-1.359907399450854015e+01,3.190199666480346419e-02,1.571014638723803867e-05,5.349999999999999895e-02
-1.359796101799763512e+01,3.193472746077027913e-02,1.575467887229331282e-05,5.349999999999999895e-02
-1.359984938718791803e+01,3.194520166912116765e-02,1.572030372435919917e-05,5.349999999999999895e-02
-1.359745330842060973e+01,3.197334155327729438e-02,1.578343584046690482e-05,5.349999999999999895e-02
-1.359842605465394705e+01,3.193177426667462293e-02,1.574330103883982328e-05,5.349999999999999895e-02
-1.359938097922601585e+01,3.194682829312278649e-02,1.573554372400562954e-05,5.349999999999999895e-02
-1.359882820288063066e+01,3.193958234398228818e-02,1.573717083487456548e-05,5.349999999999999895e-02
-1.359942291268087899e+01,3.195449139976683922e-02,1.573622112414055683e-05,5.349999999999999895e-02
-1.359833344187554971e+01,3.192093487423958847e-02,1.573346241735546812e-05,5.349999999999999895e-02
-1.359824447941499770e+01,3.193742387382585146e-02,1.574095764400598325e-05,5.349999999999999895e-02
-1.359841981299027758e+01,3.195324291359896707e-02,1.576092097611327881e-05,5.349999999999999895e-02
-1.360115389757455873e+01,3.188315880267126451e-02,1.566807390742058518e-05,5.349999999999999895e-02
-1.359922939522730623e+01,3.192589320623165361e-02,1.572673479048593170e-05,5.349999999999999895e-02
-1.359977737239841566e+01,3.191702915710117189e-02,1.571434367608999988e-05,5.349999999999999895e-02
-1.359898925228637090e+01,3.188726130664341213e-02,1.569959216175938224e-05,5.349999999999999895e-02
-1.359903489995042492e+01,3.192638790400821602e-02,1.572881287228478198e-05,5.349999999999999895e-02
-1.359921214980072257e+01,3.190088904083364374e-02,1.571368682446356129e-05,5.349999999999999895e-02
-1.359885163668963060e+01,3.191378038280845431e-02,1.571919657032114687e-05,5.349999999999999895e-02
-1.359995507048962615e+01,3.189538131809099147e-02,1.568977266241472707e-05,5.349999999999999895e-02
-1.359863558463290367e+01,3.193712219580262246e-02,1.574245953664914002e-05,5.349999999999999895e-02
-1.359697780445430304e+01,3.195171205173853030e-02,1.577672091121805700e-05,5.349999999999999895e-02
-1.359799366477836458e+01,3.194229093979856354e-02,1.575186708708415913e-05,5.349999999999999895e-02
-1.359649662050786034e+01,3.193660200288300777e-02,1.577336420329469239e-05,5.349999999999999895e-02
-1.359868361446913809e+01,3.191998796523189130e-02,1.572696141496095670e-05,5.349999999999999895e-02
-1.359800405057520223e+01,3.196702483819961749e-02,1.576981497756661061e-05,5.349999999999999895e-02
-1.359841156436471010e+01,3.191401644889226702e-02,1.572390812178767335e-05,5.349999999999999895e-02
-1.359999929313793565e+01,3.194009575059098688e-02,1.571449714206034609e-05,5.349999999999999895e-02
-1.359821388659156582e+01,3.194846037996428023e-02,1.575022007759362724e-05,5.349999999999999895e-02
-1.359767235943554908e+01,3.192110148447413476e-02,1.574200330184173668e-05,5.349999999999999895e-02
-1.359839986401660461e+01,3.190763233150963746e-02,1.572524438620337821e-05,5.349999999999999895e-02
-1.359715781861443418e+01,3.194472976878628273e-02,1.576877755263306777e-05,5.349999999999999895e-02
-1.359734782503649519e+01,3.196924889636005435e-02,1.577921484173584166e-05,5.349999999999999895e-02
-1.359704121233501795e+01,3.194962077532487177e-02,1.577196658235554213e-05,5.349999999999999895e-02
-1.359882840168782892e+01,3.190605284329683239e-02,1.571510096987334954e-05,5.349999999999999895e-02
-1.359926304089195703e+01,3.194015357674533095e-02,1.573282470278316368e-05,5.349999999999999895e-02
-1.359918979530001160e+01,3.190986489702823253e-02,1.571575940646914007e-05,5.349999999999999895e-02
-1.359973064816171551e+01,3.192527665027524580e-02,1.571246839504815524e-05,5.349999999999999895e-02
-1.359992211734315148e+01,3.194623447123051685e-02,1.572337908879609878e-05,5.349999999999999895e-02
-1.359971221361013960e+01,3.193118671903147354e-02,1.572295784313683026e-05,5.349999999999999895e-02
-1.359940787138527440e+01,3.193417355860055096e-02,1.573051177935016432e-05,5.349999999999999895e-02
-1.359718011262840598e+01,3.194561101506701584e-02,1.576933104959834600e-05,5.349999999999999895e-02
-1.359786312120076346e+01,3.192869033926072631e-02,1.575563508745172128e-05,5.349999999999999895e-02
-1.359630662670780055e+01,3.194123404774460578e-02,1.577540280328163918e-05,5.349999999999999895e-02
-1.359776476305353476e+01,3.191235451344671958e-02,1.574007269710731805e-05,5.349999999999999895e-02
-1.359887440699052519e+01,3.195554968198980467e-02,1.574534507946892886e-05,5.349999999999999895e-02
-1.359832137408476882e+01,3.192309067456851335e-02,1.573531349111500913e-05,5.349999999999999895e-02
-1.359955998718385750e+01,3.192492624358802406e-02,1.571785610479523509e-05,5.349999999999999895e-02
-1.359977426209935558e+01,3.194488992936922456e-02,1.572225377078494038e-05,5.349999999999999895e-02
-1.359714435094664431e+01,3.192352678464276811e-02,1.575599221385903204e-05,5.349999999999999895e-02
-1.359775965235371409e+01,3.192616980278095706e-02,1.575241757437982287e-05,5.349999999999999895e-02
-1.359815613827075786e+01,3.192132881902441655e-02,1.573719574305892658e-05,5.349999999999999895e-02
-1.359941209804506457e+01,3.191057799262284056e-02,1.571440207695412773e-05,5.349999999999999895e-02
-1.359790195716461803e+01,3.194898802871515980e-02,1.576330052599065376e-05,5.349999999999999895e-02
-1.359939359019564620e+01,3.190159142979039075e-02,1.571138176306194781e-05,5.349999999999999895e-02
-1.360009524555824179e+01,3.193978573913687502e-02,1.572305874626819385e-05,5.349999999999999895e-02
-1.359946649736762225e+01,3.194651450531804660e-02,1.572951437591623816e-05,5.349999999999999895e-02
-1.359800211463222475e+01,3.191966731341708274e-02,1.574032372164172218e-05,5.349999999999999895e-02
-1.359853082206602082e+01,3.195553100501990346e-02,1.575577887273807190e-05,5.349999999999999895e-02
-1.359910888766531833e+01,3.191870711984195336e-02,1.571777276802187716e-05,5.349999999999999895e-02
-1.359775883684803510e+01,3.192663529661282640e-02,1.574602847500901386e-05,5.349999999999999895e-02
-1.359910402507162352e+01,3.188869158991101960e-02,1.569991214752894618e-05,5.349999999999999895e-02
-1.359842535618276749e+01,3.193591066354113661e-02,1.574120426418678301e-05,5.349999999999999895e-02
-1.359673950781175300e+01,3.195984544965826957e-02,1.578499645519992859e-05,5.349999999999999895e-02
-1.359770478309535413e+01,3.191223976836187609e-02,1.574231637102459553e-05,5.349999999999999895e-02
-1.359921951493428871e+01,3.192587778496595863e-02,1.572474392793086483e-05,5.349999999999999895e-02
-1.359957369668810578e+01,3.191581363506037355e-02,1.570945688036556287e-05,5.349999999999999895e-02
-1.359999752483568081e+01,3.190630897973234514e-02,1.570068535457429967e-05,5.349999999999999895e-02
-1.360175625927845822e+01,3.191826045308196469e-02,1.567189053383791474e-05,5.349999999999999895e-02
-1.359912744312946309e+01,3.191295395624090675e-02,1.571555388260904986e-05,5.349999999999999895e-02
-1.359771984002125400e+01,3.193405464055904669e-02,1.575266732434063728e-05,5.349999999999999895e-02
-1.359931838594114950e+01,3.193151593732780624e-02,1.572469080930393617e-05,5.349999999999999895e-02
-1.359944362374420201e+01,3.192300964024940430e-02,1.571950985878137433e-05,5.349999999999999895e-02
-1.359819740242092756e+01,3.193967930391582860e-02,1.574343867335047418e-05,5.349999999999999895e-02
-1.359829347022444601e+01,3.192342485884436254e-02,1.573322630959257326e-05,5.349999999999999895e-02
-1.359922664366195377e+01,3.192564460068943177e-02,1.572227619297373070e-05,5.349999999999999895e-02
-1.359984538968932277e+01,3.189979505960877093e-02,1.569401877737620189e-05,5.349999999999999895e-02
-1.359789985620041719e+01,3.191447286503275999e-02,1.573359466162552750e-05,5.349999999999999895e-02
-1.360037274789758577e+01,3.191277267713021198e-02,1.569704778992099951e-05,5.349999999999999895e-02
-1.359895774122694334e+01,3.191380407345813242e-02,1.571711208918016387e-05,5.349999999999999895e-02
-1.359898449518707508e+01,3.192509448273446460e-02,1.572340429203801737e-05,5.349999999999999895e-02
-1.359843436515790849e+01,3.192291159591101324e-02,1.573659750045451201e-05,5.349999999999999895e-02
-1.359977678188978523e+01,3.195012315984863127e-02,1.572719382902451347e-05,5.349999999999999895e-02
-1.359922088508774252e+01,3.190915997344364458e-02,1.570577052521413518e-05,5.349999999999999895e-02
-1.359893092192256603e+01,3.192928465348825184e-02,1.572741484440658898e-05,5.349999999999999895e-02
-1.359905277112279087e+01,3.193331496727614544e-02,1.573466117254588358e-05,5.349999999999999895e-02
-1.359831501761034822e+01,3.191142929332208000e-02,1.573094982929975632e-05,5.349999999999999895e-02
-1.359862044535933379e+01,3.192418883309684069e-02,1.573608966584612840e-05,5.349999999999999895e-02
-1.359769436401541221e+01,3.195759404721770086e-02,1.576570609996112308e-05,5.349999999999999895e-02
-1.359857738302649111e+01,3.196023041825526989e-02,1.575611714075973830e-05,5.349999999999999895e-02
-1.359894039104259988e+01,3.193732305938042082e-02,1.572874894366537154e-05,5.349999999999999895e-02
-1.360082858546060436e+01,3.191055190484255732e-02,1.568768817120619167e-05,5.349999999999999895e-02
-1.359836818164237293e+01,3.195104671415537750e-02,1.575467587810804336e-05,5.349999999999999895e-02
-1.359899386555696665e+01,3.192542426015133189e-02,1.572188048744468068e-05,5.349999999999999895e-02
-1.359822886394982255e+01,3.194658632562555334e-02,1.575186411722930460e-05,5.349999999999999895e-02
-1.359792090798794106e+01,3.188656093174188633e-02,1.571818332743836485e-05,5.349999999999999895e-02
-1.359845384125377699e+01,3.192064913996526393e-02,1.573185680420182561e-05,5.349999999999999895e-02
-1.359878121488356584e+01,3.192567012508962937e-02,1.572122354615180186e-05,5.349999999999999895e-02
-1.359788563232538472e+01,3.195423671845085828e-02,1.575736598136323849e-05,5.349999999999999895e-02
-1.359780016126083524e+01,3.193338961958430006e-02,1.575264939008168402e-05,5.349999999999999895e-02
-1.359653912414145971e+01,3.197060317583273054e-02,1.579977492293558282e-05,5.349999999999999895e-02
-1.359915335413818482e+01,3.192240009790860839e-02,1.571945067903668196e-05,5.349999999999999895e-02
-1.359690799634245373e+01,3.197448473860114992e-02,1.578971601413137191e-05,5.349999999999999895e-02
-1.359905551554090408e+01,3.194851347970906891e-02,1.574927159837529131e-05,5.349999999999999895e-02
-1.359703319415990741e+01,3.195436463141407973e-02,1.577250519969223777e-05,5.349999999999999895e-02
-1.359778683015567857e+01,3.196110532385349617e-02,1.576616923033209399e-05,5.349999999999999895e-02
-1.359763760102717534e+01,3.195303968767899960e-02,1.576892699077787248e-05,5.349999999999999895e-02
-1.359801165456400263e+01,3.197211796980208021e-02,1.576799707201256999e-05,5.349999999999999895e-02
-1.359688464876058056e+01,3.199195701214033183e-02,1.580180513262832950e-05,5.349999999999999895e-02
-1.359930737482186025e+01,3.192351713158615018e-02,1.571448967786961208e-05,5.349999999999999895e-02
-1.359783848955834173e+01,3.194461706256335881e-02,1.576017454609058519e-05,5.349999999999999895e-02
-1.360056161510666861e+01,3.190955991391725144e-02,1.568813158336628975e-05,5.349999999999999895e-02
-1.360032448547862849e+01,3.194147497850759188e-02,1.571019344234443545e-05,5.349999999999999895e-02
-1.359818368770157981e+01,3.192085665211336076e-02,1.574153318058853422e-05,5.349999999999999895e-02
-1.359857889791824803e+01,3.189234402451608663e-02,1.571588858067071481e-05,5.349999999999999895e-02
-1.359947552845534346e+01,3.190387274914290722e-02,1.569644217364374225e-05,5.349999999999999895e-02
-1.359931659320124453e+01,3.190999418062415161e-02,1.571061324095517506e-05,5.349999999999999895e-02
-1.359806691643551346e+01,3.194313796498615687e-02,1.576270336989033890e-05,5.349999999999999895e-02
-1.359837241667069563e+01,3.194562148491767589e-02,1.575521280525803855e-05,5.349999999999999895e-02
-1.359895372137492764e+01,3.193057560152900987e-02,1.572958180185555461e-05,5.349999999999999895e-02
-1.359833174809141809e+01,3.191435691078838011e-02,1.572897145239524747e-05,5.349999999999999895e-02
-1.359827711918735460e+01,3.191015020427393628e-02,1.572255446615235987e-05,5.349999999999999895e-02
-1.359936436946699878e+01,3.192898042486291138e-02,1.572421470926123178e-05,5.349999999999999895e-02
-1.359749841623839117e+01,3.191997253142043328e-02,1.574642250111356754e-05,5.349999999999999895e-02
-1.359961369422645916e+01,3.191001966341270452e-02,1.570653424719824014e-05,5.349999999999999895e-02
-1.359814221536680456e+01,3.193734024273831712e-02,1.575096554989531374e-05,5.349999999999999895e-02
-1.359861346719651110e+01,3.192409597812421312e-02,1.572933709455258015e-05,5.349999999999999895e-02
-1.359801553824929599e+01,3.193507748956352088e-02,1.574347822517755188e-05,5.349999999999999895e-02
-1.359895816152789827e+01,3.194266596036043210e-02,1.574362285446132085e-05,5.349999999999999895e-02
-1.359874152412215054e+01,3.198073916464180821e-02,1.576328476336149949e-05,5.349999999999999895e-02
-1.359837834851970229e+01,3.194048145817603157e-02,1.574079677397209585e-05,5.349999999999999895e-02
-1.360000143378744220e+01,3.189771665256065786e-02,1.569412974560178728e-05,5.349999999999999895e-02
-1.359865670323408970e+01,3.193678140934635284e-02,1.573956034661793847e-05,5.349999999999999895e-02
-1.360075418765952726e+01,3.190564656550188422e-02,1.568286518556500617e-05,5.349999999999999895e-02
-1.359959725491847138e+01,3.191550842712353314e-02,1.571317792375391293e-05,5.349999999999999895e-02
-1.359869603348023404e+01,3.191118524478023244e-02,1.572402565250042200e-05,5.349999999999999895e-02
-1.359669208593551382e+01,3.195308037529237533e-02,1.577523098942094047e-05,5.349999999999999895e-02
-1.359793885688233495e+01,3.190450271743344723e-02,1.572360281309027554e-05,5.349999999999999895e-02
-1.359830140592081982e+01,3.196009932300443446e-02,1.576062432413711183e-05,5.349999999999999895e-02
-1.359801079118083678e+01,3.194283456985559655e-02,1.575929419342531350e-05,5.349999999999999895e-02
-1.359875963124398801e+01,3.195620864280602352e-02,1.574877581328854275e-05,5.349999999999999895e-02
-1.359988284698207117e+01,3.191326386192949727e-02,1.569963311093701118e-05,5.349999999999999895e-02
-1.359862504882504020e+01,3.194016028159067655e-02,1.574278801359572748e-05,5.349999999999999895e-02
-1.359799856658040262e+01,3.194553697312861595e-02,1.575778191671589972e-05,5.349999999999999895e-02
-1.359900889035159999e+01,3.190993337897692073e-02,1.571608833054800151e-05,5.349999999999999895e-02
-1.359993051064543224e+01,3.192844928546983985e-02,1.571490753340971513e-05,5.349999999999999895e-02
-1.359995064760195049e+01,3.189290022804613239e-02,1.568574640106028555e-05,5.349999999999999895e-02
-1.359826317803601015e+01,3.194697531647729127e-02,1.575211195945823911e-05,5.349999999999999895e-02
-1.359738878616466451e+01,3.194959191252248060e-02,1.576591368320484548e-05,5.349999999999999895e-02
-1.359928254517474500e+01,3.190803775962547384e-02,1.570988826429453445e-05,5.349999999999999895e-02
-1.359904630352025379e+01,3.191249071450435321e-02,1.571358936436316342e-05,5.349999999999999895e-02
-1.359809551404739381e+01,3.192260185619445051e-02,1.574191525768945239e-05,5.349999999999999895e-02
-1.359751626056358553e+01,3.197876939133892371e-02,1.578815473729870057e-05,5.349999999999999895e-02
-1.359651443147425809e+01,3.195149359990633042e-02,1.578475375589620332e-05,5.349999999999999895e-02
-1.359572085760974147e+01,3.194410140515809016e-02,1.579482974594980659e-05,5.349999999999999895e-02
-1.359932097508115056e+01,3.190776802087575553e-02,1.570898693727201893e-05,5.349999999999999895e-02
-1.359903511007210319e+01,3.193096969800466450e-02,1.572813352603038401e-05,5.349999999999999895e-02
-1.360017608481862261e+01,3.192101415268581294e-02,1.570103195867730638e-05,5.349999999999999895e-02
-1.359957966365359283e+01,3.192592227787158232e-02,1.571416720856323105e-05,5.349999999999999895e-02
-1.359877307388966550e+01,3.193061296941281102e-02,1.573358703981977681e-05,5.349999999999999895e-02
-1.359732476146479563e+01,3.194008881085514534e-02,1.575778539910147985e-05,5.349999999999999895e-02
-1.359825832256303357e+01,3.194746970740702102e-02,1.575090411057535996e-05,5.349999999999999895e-02
-1.359932757292555294e+01,3.191913390275641360e-02,1.571329907114120091e-05,5.349999999999999895e-02
-1.359827211818335968e+01,3.193339766721964290e-02,1.574233431280019032e-05,5.349999999999999895e-02
-1.359849567968013595e+01,3.191298014736965866e-02,1.572954079126091513e-05,5.349999999999999895e-02
-1.359793586213858063e+01,3.194643289882057036e-02,1.575710142817746354e-05,5.349999999999999895e-02
-1.359886507973022951e+01,3.192137329529868423e-02,1.572655478723841173e-05,5.349999999999999895e-02
-1.359769407401704555e+01,3.195925702377649252e-02,1.576891729774851738e-05,5.349999999999999895e-02
-1.359963090926606810e+01,3.190692168291543035e-02,1.570938508113448541e-05,5.349999999999999895e-02
-1.360103359837927961e+01,3.186694950584377517e-02,1.565240345614949294e-05,5.349999999999999895e-02
-1.359722694966960432e+01,3.195763906775036384e-02,1.577603997049435486e-05,5.349999999999999895e-02
-1.359904963469244521e+01,3.188190609328322989e-02,1.569637630300729919e-05,5.349999999999999895e-02
-1.359988018239595675e+01,3.192601802718941090e-02,1.570997996609680051e-05,5.349999999999999895e-02
-1.359712989857865750e+01,3.193014233577985000e-02,1.576215984765051302e-05,5.349999999999999895e-02
-1.359808675320972071e+01,3.194218870797544546e-02,1.575126280681561167e-05,5.349999999999999895e-02
-1.359772605691945024e+01,3.195603115597778210e-02,1.576167768214152348e-05,5.349999999999999895e-02
-1.359957485522844678e+01,3.193188558663051513e-02,1.572249420768938961e-05,5.349999999999999895e-02
-1.359798638332098442e+01,3.195794211492594683e-02,1.576460788144135066e-05,5.349999999999999895e-02
-1.359926141380266884e+01,3.190582372895633262e-02,1.570779825549177791e-05,5.349999999999999895e-02
-1.359645938978872159e+01,3.193045284023379726e-02,1.577544254547324603e-05,5.349999999999999895e-02
-1.360035701296905231e+01,3.193779349050659272e-02,1.571064493179877877e-05,5.349999999999999895e-02
-1.360069263149278562e+01,3.191762829165647325e-02,1.569222963225184089e-05,5.349999999999999895e-02
-1.359928582303042788e+01,3.195017136654213635e-02,1.573583361403288556e-05,5.349999999999999895e-02
-1.360039482167090164e+01,3.190359500631718970e-02,1.568748871902295077e-05,5.349999999999999895e-02
-1.360008739032167391e+01,3.193097178253711393e-02,1.570910509935607576e-05,5.349999999999999895e-02
-1.359857111947291131e+01,3.192715080073607603e-02,1.573200736714881992e-05,5.349999999999999895e-02
-1.359867183308037220e+01,3.194536284328004794e-02,1.574152890806441031e-05,5.349999999999999895e-02
-1.359964453514384708e+01,3.193407213749811790e-02,1.572500535399879885e-05,5.349999999999999895e-02
-1.359957795484319654e+01,3.194619229414136924e-02,1.572886542460233807e-05,5.349999999999999895e-02
-1.359839423392346269e+01,3.195520802067854105e-02,1.575934013196225402e-05,5.349999999999999895e-02
-1.359787039913740969e+01,3.193241764465030302e-02,1.575431392668514546e-05,5.349999999999999895e-02
-1.359932201871183466e+01,3.189544882600701264e-02,1.570162117126825573e-05,5.349999999999999895e-02
-1.359928596478560792e+01,3.193471845103965090e-02,1.572699269468665352e-05,5.349999999999999895e-02
-1.359926303031184247e+01,3.192753191606517021e-02,1.571516581355446383e-05,5.349999999999999895e-02
-1.359762177253061388e+01,3.192409887737104185e-02,1.574823314887460537e-05,5.349999999999999895e-02
-1.359837711456626863e+01,3.192259775520515236e-02,1.573700326843816490e-05,5.349999999999999895e-02
-1.359793807919153785e+01,3.191751619771309584e-02,1.573494429685329556e-05,5.349999999999999895e-02
-1.359876993651550237e+01,3.193230194298425639e-02,1.574243936292355189e-05,5.349999999999999895e-02
-1.359885834540761174e+01,3.193524680732071769e-02,1.573217841035550750e-05,5.349999999999999895e-02
-1.359867829531927619e+01,3.194268646859624999e-02,1.574011289274889576e-05,5.349999999999999895e-02
-1.359778872213762213e+01,3.196853395267209436e-02,1.577028498161939460e-05,5.349999999999999895e-02
-1.359816158921210949e+01,3.194051199505429373e-02,1.574792187366787073e-05,5.349999999999999895e-02
-1.359838884480646648e+01,3.194532607903780713e-02,1.574932301109189107e-05,5.349999999999999895e-02
-1.360040660364203546e+01,3.193689877912260500e-02,1.571491974399154802e-05,5.349999999999999895e-02
-1.359786218823891168e+01,3.193750741582369879e-02,1.575082726590496253e-05,5.349999999999999895e-02
-1.359972407530054461e+01,3.190291458075754372e-02,1.569926204213591822e-05,5.349999999999999895e-02
-1.359935557165807651e+01,3.193920904481334366e-02,1.572629879332779567e-05,5.349999999999999895e-02
-1.359992840533900704e+01,3.191656208637069086e-02,1.570780213948616474e-05,5.349999999999999895e-02
-1.360070042188425887e+01,3.188263867755489894e-02,1.567513595621835456e-05,5.349999999999999895e-02
-1.359765470682533461e+01,3.193479093038045780e-02,1.575405051676365625e-05,5.349999999999999895e-02
-1.360150994673102254e+01,3.189466169427443432e-02,1.566373015623117749e-05,5.349999999999999895e-02
-1.359857712782661388e+01,3.195473558521058632e-02,1.574944331420736947e-05,5.349999999999999895e-02
-1.360042262695547421e+01,3.192177645984805440e-02,1.569852392152152790e-05,5.349999999999999895e-02
-1.359937132550481209e+01,3.192866307766878409e-02,1.571373148041461739e-05,5.349999999999999895e-02
-1.360044741369208765e+01,3.191108037187743302e-02,1.569477557627552752e-05,5.349999999999999895e-02
-1.359857052486698059e+01,3.193008194472613664e-02,1.573111418771502788e-05,5.349999999999999895e-02
-1.359853396437081940e+01,3.194432760954452749e-02,1.574571401105119719e-05,5.349999999999999895e-02
-1.360031324668256225e+01,3.189678927392438496e-02,1.568583394353759467e-05,5.349999999999999895e-02
-1.359940488498723710e+01,3.188973822325795460e-02,1.569443899619766237e-05,5.349999999999999895e-02
-1.359929218464841583e+01,3.189527337975544413e-02,1.570100517485536058e-05,5.349999999999999895e-02
-1.360065822732192053e+01,3.187845166964124732e-02,1.566691376284222903e-05,5.349999999999999895e-02
-1.359910499075660972e+01,3.190505312741875182e-02,1.570963804521243010e-05,5.349999999999999895e-02
-1.359805852395799874e+01,3.195906930174295668e-02,1.576354443009648929e-05,5.349999999999999895e-02
-1.359698481446577745e+01,3.190480391251824394e-02,1.574971429680701354e-05,5.349999999999999895e-02
-1.359904107977871313e+01,3.194776058184115725e-02,1.574011489544436344e-05,5.349999999999999895e-02
-1.359740004235148447e+01,3.195329805538196094e-02,1.576740058789704148e-05,5.349999999999999895e-02
-1.359948419123145236e+01,3.192677996441321137e-02,1.571901322373893035e-05,5.349999999999999895e-02
-1.359766092586555075e+01,3.195837070704976579e-02,1.577125967434455281e-05,5.349999999999999895e-02
-1.359958585890197469e+01,3.192711830584839261e-02,1.571989245664116053e-05,5.349999999999999895e-02
-1.359865979271944525e+01,3.192520725773068807e-02,1.573504734997450445e-05,5.349999999999999895e-02
-1.359709656371171071e+01,3.195302460803162853e-02,1.577710665187649337e-05,5.349999999999999895e-02
-1.359926899200952022e+01,3.191360641109794449e-02,1.571569092256659055e-05,5.349999999999999895e-02
-1.359824562941592418e+01,3.193591956008028088e-02,1.574249966896198094e-05,5.349999999999999895e-02
-1.360057640535103651e+01,3.187389474069039774e-02,1.566456354013653684e-05,5.349999999999999895e-02
-1.359823379168655144e+01,3.195083658684615829e-02,1.575287905568370755e-05,5.349999999999999895e-02
-1.359895585613449143e+01,3.192931504276467353e-02,1.572818200005112729e-05,5.349999999999999895e-02
-1.359617367654923292e+01,3.199689708842171770e-02,1.581434175660247061e-05,5.349999999999999895e-02
-1.359793409801233999e+01,3.195393030072517238e-02,1.576072739768209096e-05,5.349999999999999895e-02
-1.359806433663109004e+01,3.191524513605600855e-02,1.573090252809583445e-05,5.349999999999999895e-02
-1.359902484625996344e+01,3.191853960473232943e-02,1.572080617369255590e-05,5.349999999999999895e-02
-1.359870349692101321e+01,3.194788131821519467e-02,1.574736965883610033e-05,5.349999999999999895e-02
-1.359782970678643288e+01,3.196393917945094393e-02,1.576672506241674765e-05,5.349999999999999895e-02
-1.359842685245307159e+01,3.192781109792208749e-02,1.573768618028854215e-05,5.349999999999999895e-02
-1.359904207791819530e+01,3.192054433482251902e-02,1.573013229684116281e-05,5.349999999999999895e-02
-1.359792249547565213e+01,3.193636652284634336e-02,1.575789499256867503e-05,5.349999999999999895e-02
-1.359925094981462124e+01,3.191723453091306617e-02,1.571998492130030292e-05,5.349999999999999895e-02
-1.359734791925010100e+01,3.192062028768178489e-02,1.574769995093328382e-05,5.349999999999999895e-02
-1.359824609422932085e+01,3.194473481805368970e-02,1.575196935213625109e-05,5.349999999999999895e-02
-1.359832853891563076e+01,3.195779079179290882e-02,1.575659694693971760e-05,5.349999999999999895e-02
-1.359884694430446039e+01,3.193667044531459109e-02,1.573810194840799884e-05,5.349999999999999895e-02
-1.359917722161089415e+01,3.192450825487765098e-02,1.572605434813366781e-05,5.349999999999999895e-02
-1.360075918552884389e+01,3.192042402775726456e-02,1.569406395555190636e-05,5.349999999999999895e-02
-1.359922871008277667e+01,3.191083601249258828e-02,1.571032055922668878e-05,5.349999999999999895e-02
-1.360016589859668912e+01,3.189516652498341348e-02,1.569189227361060475e-05,5.349999999999999895e-02
-1.359872299259349759e+01,3.190614013018461259e-02,1.571704198753032350e-05,5.349999999999999895e-02
-1.359840474820561873e+01,3.189035659941060613e-02,1.571044770285676196e-05,5.349999999999999895e-02
-1.359733764812607859e+01,3.196096002920868068e-02,1.577303562750253466e-05,5.349999999999999895e-02
-1.359777664143637210e+01,3.195989289242028714e-02,1.576853475843804391e-05,5.349999999999999895e-02
-1.359863917906717923e+01,3.191355083039228158e-02,1.572458318157053350e-05,5.349999999999999895e-02
-1.359939537278580346e+01,3.193228140681331206e-02,1.572272772171774471e-05,5.349999999999999895e-02
-1.360041405911725931e+01,3.189427235978263553e-02,1.568929873743848507e-05,5.349999999999999895e-02
-1.359805200278385762e+01,3.191603980070759072e-02,1.573603841771958721e-05,5.349999999999999895e-02
-1.360059701558943956e+01,3.189724740751665594e-02,1.567937840936184241e-05,5.349999999999999895e-02
-1.359632136044687734e+01,3.196876105131816331e-02,1.579639965471705816e-05,5.349999999999999895e-02
-1.359981714351573956e+01,3.192864097454648636e-02,1.571109390628927524e-05,5.349999999999999895e-02
-1.359938828275980249e+01,3.192610481464119854e-02,1.571806806013988504e-05,5.349999999999999895e-02
-1.359610692186009473e+01,3.196276264423253410e-02,1.579734549625512824e-05,5.349999999999999895e-02
-1.359851951186817232e+01,3.194652069257677279e-02,1.574492216973288262e-05,5.349999999999999895e-02
-1.359932637956596402e+01,3.191605248674420081e-02,1.571417137890739884e-05,5.349999999999999895e-02
-1.359936007767806032e+01,3.195321585153638316e-02,1.573909635192340462e-05,5.349999999999999895e-02
-1.359908661743475555e+01,3.193301194378626168e-02,1.572685069136118681e-05,5.349999999999999895e-02
-1.359767494826638945e+01,3.194230473379729845e-02,1.575966143531431872e-05,5.349999999999999895e-02
-1.359880020663979039e+01,3.194897486641928852e-02,1.574252532947637760e-05,5.349999999999999895e-02
-1.359882408976862500e+01,3.192178148789502623e-02,1.572383038357169294e-05,5.349999999999999895e-02
-1.359810727518606654e+01,3.193283518514872937e-02,1.575140168235154370e-05,5.349999999999999895e-02
-1.359936968466388052e+01,3.190772484730027003e-02,1.570683733883524038e-05,5.349999999999999895e-02
-1.359925744129001757e+01,3.192074445114045922e-02,1.571725832745180524e-05,5.349999999999999895e-02
-1.359765668028694563e+01,3.194922012555906354e-02,1.575868714644301449e-05,5.349999999999999895e-02
-1.359770764600532722e+01,3.192913622214277325e-02,1.574841867925078651e-05,5.349999999999999895e-02
-1.360108417361301036e+01,3.189941410726029880e-02,1.567322167913711060e-05,5.349999999999999895e-02
-1.359799496864946988e+01,3.192381234381626298e-02,1.574198745048191369e-05,5.349999999999999895e-02
-1.359778072705197438e+01,3.196583308146258573e-02,1.577395970970340701e-05,5.349999999999999895e-02
-1.360085765176562056e+01,3.188646239129763055e-02,1.566468084184193422e-05,5.349999999999999895e-02
-1.359911353005045065e+01,3.191859919407925850e-02,1.571900904414811045e-05,5.349999999999999895e-02
-1.359873097160877187e+01,3.193080747056007557e-02,1.572942646468728252e-05,5.349999999999999895e-02
-1.359836842159917225e+01,3.190613879615317866e-02,1.572817360390305877e-05,5.349999999999999895e-02
-1.359794993457718171e+01,3.194393166532386030e-02,1.575605995544730064e-05,5.349999999999999895e-02
-1.359795708209320431e+01,3.192860247016241632e-02,1.574402203364505385e-05,5.349999999999999895e-02
-1.360057764733021912e+01,3.189480598666863398e-02,1.568246574732588548e-05,5.349999999999999895e-02
-1.359901013433958461e+01,3.190491731144048937e-02,1.570547855825252102e-05,5.349999999999999895e-02
-1.359945684335186122e+01,3.191177715363271300e-02,1.571021694220130479e-05,5.349999999999999895e-02
-1.360008264775841447e+01,3.194268685094758808e-02,1.571751494416368051e-05,5.349999999999999895e-02
-1.359627131136024580e+01,3.193270990140782695e-02,1.578086811507326033e-05,5.349999999999999895e-02
-1.359819330712906371e+01,3.191106007096145697e-02,1.573096927307985536e-05,5.349999999999999895e-02
-1.359755527713795864e+01,3.192758135438652362e-02,1.575145916309393518e-05,5.349999999999999895e-02
-1.359741669393870644e+01,3.194928461694923616e-02,1.576267186293003929e-05,5.349999999999999895e-02
-1.359796692366159832e+01,3.193993604057630137e-02,1.575433913271266404e-05,5.349999999999999895e-02
-1.359911841286583289e+01,3.194616276035559116e-02,1.573761826364785714e-05,5.349999999999999895e-02
-1.359643995340010569e+01,3.194146020582550038e-02,1.577981660642894382e-05,5.349999999999999895e-02
-1.359808756141988972e+01,3.193177869065020463e-02,1.574548696009176626e-05,5.349999999999999895e-02
-1.360019807251038948e+01,3.191744760755906019e-02,1.570209278033938709e-05,5.349999999999999895e-02
-1.359904742832674174e+01,3.195720240615751440e-02,1.574430367312490883e-05,5.349999999999999895e-02
-1.359742802053511213e+01,3.197531929148769714e-02,1.578320227044228578e-05,5.349999999999999895e-02
-1.359936766001665376e+01,3.192938067863269197e-02,1.572350580512186865e-05,5.349999999999999895e-02
-1.360142330231263763e+01,3.189976660628197902e-02,1.566523535142355414e-05,5.349999999999999895e-02
-1.359792298704834224e+01,3.194270146732320487e-02,1.574986321614838677e-05,5.349999999999999895e-02
-1.359794482042833508e+01,3.194781230350972334e-02,1.575833855674225927e-05,5.349999999999999895e-02
-1.360020570016354036e+01,3.188837545847635069e-02,1.568441246623162818e-05,5.349999999999999895e-02
-1.359857933659143647e+01,3.189614398476226659e-02,1.571248486109883260e-05,5.349999999999999895e-02
-1.359878047224505337e+01,3.193743311397672507e-02,1.573248470929264909e-05,5.349999999999999895e-02
-1.359980511373186474e+01,3.190220009712260718e-02,1.569634177768453327e-05,5.349999999999999895e-02
-1.359761612959520249e+01,3.194418342741550676e-02,1.575589819661476891e-05,5.349999999999999895e-02
-1.360112355593293110e+01,3.189101643544620113e-02,1.566696337105349552e-05,5.349999999999999895e-02
-1.359796596469842278e+01,3.194976226870501618e-02,1.576437669206165462e-05,5.349999999999999895e-02
-1.359753680948469068e+01,3.194168928794637735e-02,1.576035526564259959e-05,5.349999999999999895e-02
-1.359970107854359789e+01,3.191025237834520245e-02,1.571003592944117175e-05,5.349999999999999895e-02
-1.359776024924317284e+01,3.193557711503024893e-02,1.575198027337915824e-05,5.349999999999999895e-02
-1.359820366322259666e+01,3.192556710835770667e-02,1.574261278157903886e-05,5.349999999999999895e-02
-1.359792714357564414e+01,3.194701023237874610e-02,1.575776745599160827e-05,5.349999999999999895e-02
-1.359740518355257066e+01,3.192367779612514944e-02,1.575333020484777865e-05,5.349999999999999895e-02
-1.359912871722053218e+01,3.191602552541390053e-02,1.572206568762470833e-05,5.349999999999999895e-02
-1.359871204824236379e+01,3.192924036655026693e-02,1.574011224471428110e-05,5.349999999999999895e-02
-1.359753180214224422e+01,3.195126158799925509e-02,1.577275409624498938e-05,5.349999999999999895e-02
-1.359864700306858687e+01,3.195180158159830613e-02,1.574736320082515886e-05,5.349999999999999895e-02
-1.359819378676278490e+01,3.194588486016820134e-02,1.575005649711030766e-05,5.349999999999999895e-02
-1.359784344809367163e+01,3.192498202998048096e-02,1.574080373473644127e-05,5.349999999999999895e-02
-1.359920439674058379e+01,3.190961565746535528e-02,1.571585731444268114e-05,5.349999999999999895e-02
-1.359730878654696085e+01,3.196178245007488122e-02,1.577096154041175892e-05,5.349999999999999895e-02
-1.359866575813184042e+01,3.193818796610949778e-02,1.573894415858466923e-05,5.349999999999999895e-02
-1.359914938888155156e+01,3.190088964891469453e-02,1.570830542506553463e-05,5.349999999999999895e-02
-1.359909919624411145e+01,3.190197283716256216e-02,1.570491248563589013e-05,5.349999999999999895e-02
-1.359835495943563366e+01,3.194208493021221534e-02,1.574762234659025085e-05,5.349999999999999895e-02
-1.359927311568166708e+01,3.193417432087301833e-02,1.573460531853327935e-05,5.349999999999999895e-02
-1.360051060419351643e+01,3.192499284427712664e-02,1.570127124408997121e-05,5.349999999999999895e-02
-1.359736466007380962e+01,3.194313286524494422e-02,1.576758543142486814e-05,5.349999999999999895e-02
-1.359972448825980074e+01,3.188685116766997590e-02,1.568550332989069210e-05,5.349999999999999895e-02
-1.359820223815212259e+01,3.193761137003812978e-02,1.574485112841498386e-05,5.349999999999999895e-02
-1.360056266612474296e+01,3.192349334023972945e-02,1.569737279126233619e-05,5.349999999999999895e-02
-1.359726788558521271e+01,3.192338762127503587e-02,1.575222448014085354e-05,5.349999999999999895e-02
-1.359901235601513036e+01,3.192175056438563419e-02,1.572359169594028932e-05,5.349999999999999895e-02
-1.359894208433293450e+01,3.189314147490519835e-02,1.570001605947339438e-05,5.349999999999999895e-02
-1.359868266593627339e+01,3.195141874640004820e-02,1.575119526347293103e-05,5.349999999999999895e-02
-1.359847808078142961e+01,3.196040978219934908e-02,1.575097406538060398e-05,5.349999999999999895e-02
-1.359871860341508665e+01,3.193041483415300086e-02,1.572827165610138087e-05,5.349999999999999895e-02
-1.359906944047169119e+01,3.193212806651331975e-02,1.573172087423195637e-05,5.349999999999999895e-02
-1.359898109809006961e+01,3.192592391799889406e-02,1.572675132030010753e-05,5.349999999999999895e-02
-1.359889805294642251e+01,3.193861597778983180e-02,1.573841797449337566e-05,5.349999999999999895e-02
-1.360051589377567893e+01,3.191729173070204095e-02,1.569797341193554163e-05,5.349999999999999895e-02
-1.359882499148998392e+01,3.197011203717796402e-02,1.575893114422016367e-05,5.349999999999999895e-02
-1.359855022185191054e+01,3.192397502957002725e-02,1.572302071672031283e-05,5.349999999999999895e-02
-1.359850139787538303e+01,3.193437188664386556e-02,1.574239342496781827e-05,5.349999999999999895e-02
-1.359911363016995445e+01,3.190997008664422929e-02,1.571627290928765712e-05,5.349999999999999895e-02
-1.359962455201007536e+01,3.193246506773791266e-02,1.572170419213789753e-05,5.349999999999999895e-02
-1.359926719516507809e+01,3.192434612828370932e-02,1.571809124251928849e-05,5.349999999999999895e-02
-1.359758384461376046e+01,3.196820220783409827e-02,1.577578416981504419e-05,5.349999999999999895e-02
-1.359877608839051355e+01,3.190026833035595338e-02,1.571486137290958309e-05,5.349999999999999895e-02
-1.359918346805490152e+01,3.193732467482163218e-02,1.572906976842387172e-05,5.349999999999999895e-02
-1.359830047187937119e+01,3.191363955949366726e-02,1.572980527170725123e-05,5.349999999999999895e-02
-1.359824569468801947e+01,3.190476272773041383e-02,1.572533494170547726e-05,5.349999999999999895e-02
-1.359890293549557683e+01,3.191931226346679529e-02,1.572751770564905502e-05,5.349999999999999895e-02
-1.359795024019887322e+01,3.196959223799844541e-02,1.576603436435962906e-05,5.349999999999999895e-02
-1.359825105967184733e+01,3.193666127467659210e-02,1.574878884803112262e-05,5.349999999999999895e-02
-1.360028046204583418e+01,3.192858206260729137e-02,1.570701134063396496e-05,5.349999999999999895e-02
-1.359901817006379332e+01,3.188973435811041229e-02,1.570249787150373178e-05,5.349999999999999895e-02
-1.359951497481604576e+01,3.192291763787225706e-02,1.571278847239895531e-05,5.349999999999999895e-02
-1.359871856057258555e+01,3.193530528426858500e-02,1.573836202741887765e-05,5.349999999999999895e-02
-1.359921731098455844e+01,3.192298851950808175e-02,1.572466130622301913e-05,5.349999999999999895e-02
-1.359879131174975342e+01,3.191605283621797712e-02,1.572344829355720860e-05,5.349999999999999895e-02
-1.359948431776008526e+01,3.189669634239274826e-02,1.570203102338869512e-05,5.349999999999999895e-02
-1.359952801639168740e+01,3.193496377356096205e-02,1.571936450287428452e-05,5.349999999999999895e-02
-1.359831076207088074e+01,3.192938327679774313e-02,1.574201741777623558e-05,5.349999999999999895e-02
-1.360025275037789250e+01,3.190063375767587805e-02,1.569067951843343523e-05,5.349999999999999895e-02
-1.360004801164876298e+01,3.189865197586525675e-02,1.568724103171005734e-05,5.349999999999999895e-02
-1.359809933931752113e+01,3.191130380761016128e-02,1.573297457869817016e-05,5.349999999999999895e-02
-1.359764007537147812e+01,3.195252844987396534e-02,1.576736348401646897e-05,5.349999999999999895e-02
-1.359877512577567593e+01,3.188711647753156991e-02,1.570399987482756229e-05,5.349999999999999895e-02
-1.359933572120300660e+01,3.193156254490222418e-02,1.572463822894276582e-05,5.349999999999999895e-02
-1.359939805893101017e+01,3.192824137883015084e-02,1.572373078250986214e-05,5.349999999999999895e-02
-1.359930721472402304e+01,3.190798856633590003e-02,1.571079198416513260e-05,5.349999999999999895e-02
-1.359951080990760985e+01,3.191742482169316469e-02,1.570962423488907875e-05,5.349999999999999895e-02
-1.359794497323917462e+01,3.195941934064593093e-02,1.575769669071916187e-05,5.349999999999999895e-02
-1.359908929391563248e+01,3.194073526085473153e-02,1.572613141337929839e-05,5.349999999999999895e-02
-1.360104118604808576e+01,3.191772755066096812e-02,1.568524643606179664e-05,5.349999999999999895e-02
-1.360029871783447675e+01,3.190975577712417549e-02,1.569069305726616579e-05,5.349999999999999895e-02
-1.359898862279353615e+01,3.194611749495519792e-02,1.573653048303456800e-05,5.349999999999999895e-02
-1.359912307817596222e+01,3.192142451142000042e-02,1.572202348340374857e-05,5.349999999999999895e-02
-1.359730040979124688e+01,3.192113157367350296e-02,1.574971687320070177e-05,5.349999999999999895e-02
-1.359952496082404849e+01,3.187874555199298604e-02,1.569180651903763694e-05,5.349999999999999895e-02
-1.359811952941996083e+01,3.193133465190214904e-02,1.574532723531124528e-05,5.349999999999999895e-02
-1.359747109538363219e+01,3.193727568079562235e-02,1.575730605942527232e-05,5.349999999999999895e-02
-1.359706688284301102e+01,3.194066105157398333e-02,1.576618814794748620e-05,5.349999999999999895e-02
-1.360021934023987100e+01,3.190933678219283476e-02,1.569934216000794795e-05,5.349999999999999895e-02
-1.359747071334770041e+01,3.194709326997143689e-02,1.576221319133903906e-05,5.349999999999999895e-02
-1.359738091217618461e+01,3.190455078508815101e-02,1.574332402724958304e-05,5.349999999999999895e-02
-1.359713560813247035e+01,3.196253738057393962e-02,1.577675555318036328e-05,5.349999999999999895e-02
-1.359736594263337395e+01,3.196217863752158495e-02,1.577713898964963528e-05,5.349999999999999895e-02
-1.360119263020728475e+01,3.191446987067307617e-02,1.568480429041986264e-05,5.349999999999999895e-02
-1.359942714569766054e+01,3.191158807022200644e-02,1.571045489761553116e-05,5.349999999999999895e-02
-1.359855200508360618e+01,3.192146553390444452e-02,1.572807108535656726e-05,5.349999999999999895e-02
-1.359811372831520693e+01,3.192017604812789899e-02,1.574213684963379723e-05,5.349999999999999895e-02
-1.359850771330561869e+01,3.191881199460869234e-02,1.572985501090762970e-05,5.349999999999999895e-02
-1.359927271687256578e+01,3.191667787115026050e-02,1.571013448758671008e-05,5.349999999999999895e-02
-1.359725287465756161e+01,3.195193262444601806e-02,1.577050259917439290e-05,5.349999999999999895e-02
-1.359825881737066133e+01,3.192104590822848753e-02,1.573532054145206890e-05,5.349999999999999895e-02
-1.359864717775847609e+01,3.193667720151951300e-02,1.573802586221732995e-05,5.349999999999999895e-02
-1.359879631513924103e+01,3.193177656399827369e-02,1.573548595239267962e-05,5.349999999999999895e-02
-1.359732819484103139e+01,3.194738916863208017e-02,1.576762532609979339e-05,5.349999999999999895e-02
-1.359819051893708952e+01,3.194306070030854261e-02,1.575053366293443038e-05,5.349999999999999895e-02
-1.359776080090327710e+01,3.193796667149043783e-02,1.575503057820490965e-05,5.349999999999999895e-02
-1.360012404431862088e+01,3.190591680608108327e-02,1.569536382425599174e-05,5.349999999999999895e-02
-1.359884447254814965e+01,3.191450057433472404e-02,1.572685697938352555e-05,5.349999999999999895e-02
-1.359988797586948550e+01,3.191665289513838377e-02,1.570842728843001673e-05,5.349999999999999895e-02
-1.359839645182199241e+01,3.195738324790853291e-02,1.576132136175754822e-05,5.349999999999999895e-02
-1.359886257640559215e+01,3.193882220111712161e-02,1.573464843124099200e-05,5.349999999999999895e-02
-1.359837666632414788e+01,3.193212500014098315e-02,1.574303036236718339e-05,5.349999999999999895e-02
-1.359857718597140241e+01,3.192058477153341539e-02,1.572127376087593142e-05,5.349999999999999895e-02
-1.359917227160416431e+01,3.190160333715116175e-02,1.570936450383333090e-05,5.349999999999999895e-02
-1.359806307809884274e+01,3.194402761503178229e-02,1.575786680538723139e-05,5.349999999999999895e-02
-1.359890687120204866e+01,3.194313595011954998e-02,1.573820273852457081e-05,5.349999999999999895e-02
-1.359852984046482938e+01,3.191975563828510637e-02,1.573165455735886826e-05,5.349999999999999895e-02
-1.359894380136677761e+01,3.191324980231904918e-02,1.572326707805251953e-05,5.349999999999999895e-02
-1.359773229230263958e+01,3.193879651584845963e-02,1.575902974829581962e-05,5.349999999999999895e-02
-1.359811466897914478e+01,3.192147326635701859e-02,1.573563946054885802e-05,5.349999999999999895e-02
-1.359995122012744950e+01,3.194051841999516472e-02,1.572146476270320763e-05,5.349999999999999895e-02
-1.360011650700923802e+01,3.193181992598040364e-02,1.571077984430027121e-05,5.349999999999999895e-02
-1.359941919282045575e+01,3.187630811136676900e-02,1.568590761551402217e-05,5.349999999999999895e-02
-1.359861304827902018e+01,3.195131151217088517e-02,1.574307683847192031e-05,5.349999999999999895e-02
-1.359874235856147173e+01,3.192442646070861589e-02,1.572799179003680960e-05,5.349999999999999895e-02
-1.359704110645898112e+01,3.193455755518329747e-02,1.576698977872574033e-05,5.349999999999999895e-02
-1.359859042239255089e+01,3.189231927175213005e-02,1.570889076497360552e-05,5.349999999999999895e-02
-1.359930593873139770e+01,3.192559462896595729e-02,1.572217845111709624e-05,5.349999999999999895e-02
-1.359853873065535446e+01,3.192539810766938796e-02,1.573658050855338044e-05,5.349999999999999895e-02
-1.359920235482579010e+01,3.193931856637406697e-02,1.572919732445364642e-05,5.349999999999999895e-02
-1.360043814087932290e+01,3.190895723827463087e-02,1.568984713602298678e-05,5.349999999999999895e-02
-1.359983102969462898e+01,3.188046133446578723e-02,1.568201970616364175e-05,5.349999999999999895e-02
-1.359888971533086632e+01,3.192781984574662862e-02,1.573169237992293225e-05,5.349999999999999895e-02
-1.359770140579363051e+01,3.191762222865264509e-02,1.574050703645159054e-05,5.349999999999999895e-02
-1.359961830837256436e+01,3.191585787748194014e-02,1.570417394134216886e-05,5.349999999999999895e-02
-1.359920423204853002e+01,3.193000199145806794e-02,1.572286134693267563e-05,5.349999999999999895e-02
-1.359950714128484073e+01,3.191094315140820953e-02,1.571231777542690810e-05,5.349999999999999895e-02
-1.359820023872028116e+01,3.194924007649189990e-02,1.575495755537513926e-05,5.349999999999999895e-02
-1.359869827209761795e+01,3.192647047160885460e-02,1.572954462767734950e-05,5.349999999999999895e-02
-1.359912980782815595e+01,3.193867917573467441e-02,1.573420474195902870e-05,5.349999999999999895e-02
-1.360052418061507495e+01,3.192393481021384843e-02,1.570433808398032704e-05,5.349999999999999895e-02
-1.359790826201638403e+01,3.191504508311315824e-02,1.573539858965887898e-05,5.349999999999999895e-02
-1.359796294030333463e+01,3.192745912387328494e-02,1.574791099815910827e-05,5.349999999999999895e-02
-1.359796558140785017e+01,3.191741537010652635e-02,1.574064842747468671e-05,5.349999999999999895e-02
-1.359887090663060327e+01,3.191592469027499518e-02,1.572325467426946785e-05,5.349999999999999895e-02
-1.359847604506640728e+01,3.196899910332845485e-02,1.576038255864580794e-05,5.349999999999999895e-02
-1.359870980623827386e+01,3.194321167414894413e-02,1.574729634776524977e-05,5.349999999999999895e-02
-1.359895209988540010e+01,3.194099939603263494e-02,1.574125353359638008e-05,5.349999999999999895e-02
-1.359850123979819969e+01,3.191536776681156568e-02,1.572280911576714310e-05,5.349999999999999895e-02
-1.359965499166357006e+01,3.191063752039302592e-02,1.570512798916315504e-05,5.349999999999999895e-02
-1.359897187183667633e+01,3.190366328332515378e-02,1.571673627239100659e-05,5.349999999999999895e-02
-1.360011401636657702e+01,3.193701538365298354e-02,1.571236140689282067e-05,5.349999999999999895e-02
-1.359877379183946644e+01,3.193244017039729987e-02,1.572982488925802965e-05,5.349999999999999895e-02
-1.359835419120789091e+01,3.194469225232401954e-02,1.574817679592060120e-05,5.349999999999999895e-02
-1.359910037063126964e+01,3.193642460136901506e-02,1.572863516443240834e-05,5.349999999999999895e-02
-1.359846489809412162e+01,3.194134263007055580e-02,1.574202258201223134e-05,5.349999999999999895e-02
-1.359896171619262084e+01,3.192303113260016451e-02,1.572541315741207010e-05,5.349999999999999895e-02
-1.359895846243571427e+01,3.192452075917961291e-02,1.572046329117272062e-05,5.349999999999999895e-02
-1.359898500489910944e+01,3.193833406247551659e-02,1.573411620728361530e-05,5.349999999999999895e-02
-1.359782309556628377e+01,3.192458818445344931e-02,1.574526571181885943e-05,5.349999999999999895e-02
-1.359991611383541610e+01,3.191010565156501139e-02,1.570327175738809949e-05,5.349999999999999895e-02
-1.360006267951782455e+01,3.191051788906610481e-02,1.569909386240937456e-05,5.349999999999999895e-02
-1.359991052735803585e+01,3.191556525501294123e-02,1.570377172558464599e-05,5.349999999999999895e-02
-1.359866906046408985e+01,3.192410018588597714e-02,1.573707948889777931e-05,5.349999999999999895e-02
-1.360019430384106975e+01,3.192145321592468332e-02,1.570574839423966314e-05,5.349999999999999895e-02
-1.359959249275111404e+01,3.193017515330039829e-02,1.572296021318292825e-05,5.349999999999999895e-02
-1.359867503415790502e+01,3.191568715244833682e-02,1.572229288194876173e-05,5.349999999999999895e-02
-1.359885621271499190e+01,3.191263796452424584e-02,1.572243602446943904e-05,5.349999999999999895e-02
-1.359852221514809933e+01,3.190119663274335049e-02,1.571954049210660327e-05,5.349999999999999895e-02
-1.359891216430246885e+01,3.193269902849744935e-02,1.572628745265844901e-05,5.349999999999999895e-02
-1.359891375919409562e+01,3.190267698076485609e-02,1.571387279354545142e-05,5.349999999999999895e-02
-1.359996961949723371e+01,3.193451491479354365e-02,1.571698933778160664e-05,5.349999999999999895e-02
-1.359904302300873979e+01,3.191945911845547879e-02,1.572084566510375842e-05,5.349999999999999895e-02
-1.360081446962331420e+01,3.190110065354917479e-02,1.567634036262213705e-05,5.349999999999999895e-02
-1.359909006577404966e+01,3.191008230071692986e-02,1.571359054627502144e-05,5.349999999999999895e-02
-1.359754238528208070e+01,3.195533019992924384e-02,1.576473640047287131e-05,5.349999999999999895e-02
-1.359794537307755924e+01,3.198203301296302647e-02,1.577787077106984815e-05,5.349999999999999895e-02
-1.359720100163506729e+01,3.193415110907399379e-02,1.577069939548224643e-05,5.349999999999999895e-02
-1.359901333710109128e+01,3.192408458839306185e-02,1.572775563326812902e-05,5.349999999999999895e-02
-1.359898711093691048e+01,3.193377040320288796e-02,1.573013525025846547e-05,5.349999999999999895e-02
-1.359836536506171534e+01,3.193869937763818556e-02,1.574137863760653920e-05,5.349999999999999895e-02
-1.359933374548467278e+01,3.192034231299648722e-02,1.571775238396192476e-05,5.349999999999999895e-02
-1.359949199573815015e+01,3.193000202798310788e-02,1.572409743980557033e-05,5.349999999999999895e-02
-1.359757600380933695e+01,3.193838315334737721e-02,1.575777520556181311e-05,5.349999999999999895e-02
-1.359713473069691858e+01,3.194806991024792125e-02,1.577194749354726962e-05,5.349999999999999895e-02
-1.359953976012731935e+01,3.192713134618830467e-02,1.571116854785827304e-05,5.349999999999999895e-02
