-3.376730293115218728e+01,3.054473082478700516e-02,-2.439079961411012697e-06,1.079999999999999988e-01
-3.376845163668161121e+01,3.055028188458657271e-02,-2.455015748649575754e-06,1.079999999999999988e-01
-3.376843726830141179e+01,3.054637594019721583e-02,-2.457261661409733883e-06,1.079999999999999988e-01
-3.376600642878678826e+01,3.053995152081077913e-02,-2.417327347149564332e-06,1.079999999999999988e-01
-3.376698543399186292e+01,3.055539688746852431e-02,-2.427037723439976817e-06,1.079999999999999988e-01
-3.376828678920600879e+01,3.054863889619409759e-02,-2.454172409456434201e-06,1.079999999999999988e-01
-3.376728584389802279e+01,3.055087349727926560e-02,-2.432685741939408100e-06,1.079999999999999988e-01
-3.376728040446257495e+01,3.054214156123417206e-02,-2.436823692890284227e-06,1.079999999999999988e-01
-3.376736560939453824e+01,3.055329039002917940e-02,-2.429691099312332186e-06,1.079999999999999988e-01
-3.376651971885580394e+01,3.053874843759866314e-02,-2.427395801127643795e-06,1.079999999999999988e-01
-3.376764004330750168e+01,3.055333995294266108e-02,-2.433330520555666133e-06,1.079999999999999988e-01
-3.376802900294885035e+01,3.054886066389765273e-02,-2.448272890985992984e-06,1.079999999999999988e-01
-3.376692411146807160e+01,3.054319275736698883e-02,-2.427367639659650064e-06,1.079999999999999988e-01
-3.376787299767186568e+01,3.056356133220496443e-02,-2.434364706745362332e-06,1.079999999999999988e-01
-3.376855403364864827e+01,3.055768840207174694e-02,-2.450399804571165330e-06,1.079999999999999988e-01
-3.376821272905202420e+01,3.055397345327800010e-02,-2.445061268356348242e-06,1.079999999999999988e-01
-3.376787512964321536e+01,3.055580101518772310e-02,-2.439612393296602845e-06,1.079999999999999988e-01
-3.376768634217231124e+01,3.054647091657036739e-02,-2.440698236453065792e-06,1.079999999999999988e-01
-3.376760363310299340e+01,3.054973253712363682e-02,-2.437957151051664235e-06,1.079999999999999988e-01
-3.376762440979580759e+01,3.053737608680277826e-02,-2.448849978560922146e-06,1.079999999999999988e-01
-3.376781010122150661e+01,3.055126987075354114e-02,-2.443010801529350968e-06,1.079999999999999988e-01
-3.376888543375530105e+01,3.054801395471744285e-02,-2.464151891927255573e-06,1.079999999999999988e-01
-3.376691879745408187e+01,3.055047202946711837e-02,-2.427107280508532495e-06,1.079999999999999988e-01
-3.376746493229213542e+01,3.054432463837933320e-02,-2.438872976146116859e-06,1.079999999999999988e-01
-3.376630559141676713e+01,3.053704215655267049e-02,-2.423986219929430286e-06,1.079999999999999988e-01
-3.376745557486468385e+01,3.054568021849014131e-02,-2.440086740669664156e-06,1.079999999999999988e-01
-3.376729027588140752e+01,3.055975545192129647e-02,-2.424330880889576891e-06,1.079999999999999988e-01
-3.376818581252848617e+01,3.055463679630116350e-02,-2.446182428540405933e-06,1.079999999999999988e-01
-3.376660523973597350e+01,3.054172864256420386e-02,-2.424910422312260147e-06,1.079999999999999988e-01
-3.376707308344266778e+01,3.055697975028809701e-02,-2.424315661779324709e-06,1.079999999999999988e-01
-3.376781382154982225e+01,3.055258508291553571e-02,-2.440324828601481928e-06,1.079999999999999988e-01
-3.376791498699900274e+01,3.053973952417562282e-02,-2.450280863193706484e-06,1.079999999999999988e-01
-3.376736798891991498e+01,3.055627623191274622e-02,-2.430534976189239540e-06,1.079999999999999988e-01
-3.376782629072343411e+01,3.054520076890808108e-02,-2.444221414973179234e-06,1.079999999999999988e-01
-3.376815872186315914e+01,3.055834397910165909e-02,-2.439500079350536190e-06,1.079999999999999988e-01
-3.376835838755566499e+01,3.054934694455712155e-02,-2.452800628449194061e-06,1.079999999999999988e-01
-3.376818024072365887e+01,3.054688579023515788e-02,-2.452004278219476871e-06,1.079999999999999988e-01
-3.376749243792636435e+01,3.054209162863785049e-02,-2.438111822334160325e-06,1.079999999999999988e-01
-3.376837743442965944e+01,3.054742777035226661e-02,-2.451030126750368414e-06,1.079999999999999988e-01
-3.376705793407317202e+01,3.053748042400904542e-02,-2.437270978828381613e-06,1.079999999999999988e-01
-3.376783259180051289e+01,3.055960060443076512e-02,-2.433413346770372857e-06,1.079999999999999988e-01
-3.376661075504544840e+01,3.056020338299937286e-02,-2.412368418705538608e-06,1.079999999999999988e-01
-3.376741459502827780e+01,3.054390805052112703e-02,-2.439576885805696272e-06,1.079999999999999988e-01
-3.376670793447014773e+01,3.054999244202850905e-02,-2.419491006005600653e-06,1.079999999999999988e-01
-3.376774781601257303e+01,3.055750934458697707e-02,-2.438129459025834324e-06,1.079999999999999988e-01
-3.376681345436939807e+01,3.053239189832651981e-02,-2.436069552997562499e-06,1.079999999999999988e-01
-3.376622587243588924e+01,3.055879739283590482e-02,-2.405072684577429213e-06,1.079999999999999988e-01
-3.376796897154707011e+01,3.055430927863895044e-02,-2.441755196694987740e-06,1.079999999999999988e-01
-3.376755604145616019e+01,3.055708480951833603e-02,-2.429696053264970733e-06,1.079999999999999988e-01
-3.376793475970430336e+01,3.054923870126458399e-02,-2.443554535701606416e-06,1.079999999999999988e-01
-3.376872335306167372e+01,3.054677243492445737e-02,-2.459533342987401078e-06,1.079999999999999988e-01
-3.376755810165962401e+01,3.055099008601445260e-02,-2.436241233279480250e-06,1.079999999999999988e-01
-3.376778689003365486e+01,3.055833988852706129e-02,-2.434535013502713633e-06,1.079999999999999988e-01
-3.376696160299799487e+01,3.055173737253724306e-02,-2.422904477643390303e-06,1.079999999999999988e-01
-3.376640146610684923e+01,3.054826316316627127e-02,-2.417050829735760714e-06,1.079999999999999988e-01
-3.376633262831123261e+01,3.055137405193144792e-02,-2.413603795626845001e-06,1.079999999999999988e-01
-3.376848895620378244e+01,3.055592799901657441e-02,-2.449351856405384101e-06,1.079999999999999988e-01
-3.376717585302910152e+01,3.055452977318360436e-02,-2.422989157056898041e-06,1.079999999999999988e-01
-3.376768515810520199e+01,3.054161225579606065e-02,-2.443513344758889112e-06,1.079999999999999988e-01
-3.376792280452706052e+01,3.054505483388397780e-02,-2.447196325248777130e-06,1.079999999999999988e-01
-3.376727063810570684e+01,3.056248015459976652e-02,-2.418920935425393142e-06,1.079999999999999988e-01
-3.376833085721732886e+01,3.054703050050059862e-02,-2.449869489938247602e-06,1.079999999999999988e-01
-3.376663612534765235e+01,3.054654934939413438e-02,-2.423506970908234301e-06,1.079999999999999988e-01
-3.376822610586741291e+01,3.054876506793730365e-02,-2.450076974258122029e-06,1.079999999999999988e-01
-3.376754499751213956e+01,3.055304466382699480e-02,-2.435152108381630180e-06,1.079999999999999988e-01
-3.376893936895999815e+01,3.054690280199040542e-02,-2.464118140021482020e-06,1.079999999999999988e-01
-3.376866698547879508e+01,3.054988833195417322e-02,-2.456548065511991903e-06,1.079999999999999988e-01
-3.376832397777165085e+01,3.055532358836334297e-02,-2.445126456975730220e-06,1.079999999999999988e-01
-3.376696581865897429e+01,3.055069720818713586e-02,-2.426633987224865994e-06,1.079999999999999988e-01
-3.376742589357546365e+01,3.055349593655763002e-02,-2.434083899375805071e-06,1.079999999999999988e-01
-3.376730468008499031e+01,3.055027020217745276e-02,-2.430972157847079328e-06,1.079999999999999988e-01
-3.376811238351692879e+01,3.055006002763800341e-02,-2.448408916100712089e-06,1.079999999999999988e-01
-3.376789199972372302e+01,3.055608168653357881e-02,-2.437955188097051621e-06,1.079999999999999988e-01
-3.376802842520935144e+01,3.055054888772683330e-02,-2.444589320267180949e-06,1.079999999999999988e-01
-3.376826682381513933e+01,3.055352570734882339e-02,-2.450540005615600084e-06,1.079999999999999988e-01
-3.376764663360037133e+01,3.053423267506346489e-02,-2.454932476212061113e-06,1.079999999999999988e-01
-3.376658320249632084e+01,3.055348442677700144e-02,-2.415973287824947847e-06,1.079999999999999988e-01
-3.376593290462757579e+01,3.055114351510539172e-02,-2.406565285759273271e-06,1.079999999999999988e-01
-3.376960102070555081e+01,3.054206758459472246e-02,-2.477129249004994188e-06,1.079999999999999988e-01
-3.376845194037571218e+01,3.054898927258616753e-02,-2.453362153642356668e-06,1.079999999999999988e-01
-3.376845434440966187e+01,3.056178183839580384e-02,-2.443838823577605442e-06,1.079999999999999988e-01
-3.376663089652818428e+01,3.054953735100021661e-02,-2.420071533234248120e-06,1.079999999999999988e-01
-3.376745525157854644e+01,3.055633060129704301e-02,-2.432252875063697551e-06,1.079999999999999988e-01
-3.376755610223600002e+01,3.054812368299611100e-02,-2.441494414052921882e-06,1.079999999999999988e-01
-3.376678896686447473e+01,3.055255410809294345e-02,-2.419404689509673318e-06,1.079999999999999988e-01
-3.376746788710955371e+01,3.054990066710399840e-02,-2.434585099619874170e-06,1.079999999999999988e-01
-3.376740364245639370e+01,3.055516050304983577e-02,-2.426308269932193845e-06,1.079999999999999988e-01
-3.376831252965332197e+01,3.055848814217521081e-02,-2.440904139034363364e-06,1.079999999999999988e-01
-3.376728976585314967e+01,3.054665051673610340e-02,-2.430648591613100918e-06,1.079999999999999988e-01
-3.376656411254996470e+01,3.055534035278140506e-02,-2.419466692147842153e-06,1.079999999999999988e-01
-3.376751590791344171e+01,3.054945275629642257e-02,-2.436948216705810434e-06,1.079999999999999988e-01
-3.376763763991350231e+01,3.054832201697569791e-02,-2.439451166587613216e-06,1.079999999999999988e-01
-3.376653999359133707e+01,3.054262554705946750e-02,-2.424329427206222390e-06,1.079999999999999988e-01
-3.376607664817649379e+01,3.054798899880255270e-02,-2.412571440509600160e-06,1.079999999999999988e-01
-3.376868778838561269e+01,3.055929216339819607e-02,-2.450742672909412151e-06,1.079999999999999988e-01
-3.376714833232077950e+01,3.054928601102961661e-02,-2.428158711851271648e-06,1.079999999999999988e-01
-3.376835471594413463e+01,3.054327259293780975e-02,-2.454851977756810982e-06,1.079999999999999988e-01
-3.376690523236800345e+01,3.055126205267897840e-02,-2.427035671992418238e-06,1.079999999999999988e-01
-3.376742542712491257e+01,3.055233328674025403e-02,-2.432605043350630123e-06,1.079999999999999988e-01
-3.376800411848320493e+01,3.056178152548273338e-02,-2.433251461565716431e-06,1.079999999999999988e-01
-3.376800995613126588e+01,3.054755177367369720e-02,-2.446885442298108321e-06,1.079999999999999988e-01
-3.376716513598063329e+01,3.055949870474675839e-02,-2.424845405295813041e-06,1.079999999999999988e-01
-3.376789102876389848e+01,3.055334299849781637e-02,-2.440919777506605596e-06,1.079999999999999988e-01
-3.376813256023657317e+01,3.054243215754265384e-02,-2.451282887877773475e-06,1.079999999999999988e-01
-3.376704171425904377e+01,3.054358332678413709e-02,-2.432584467094216209e-06,1.079999999999999988e-01
-3.376679925663459869e+01,3.054871356922672643e-02,-2.427754695488161554e-06,1.079999999999999988e-01
-3.376912066817067171e+01,3.054471656039083050e-02,-2.471103968688198533e-06,1.079999999999999988e-01
-3.376640232181355117e+01,3.054493486528848598e-02,-2.419207486336032695e-06,1.079999999999999988e-01
-3.376660613423057811e+01,3.054717787542333626e-02,-2.422324518147274339e-06,1.079999999999999988e-01
-3.376698813691273671e+01,3.054588203607687749e-02,-2.433429221599952887e-06,1.079999999999999988e-01
-3.376882441987670092e+01,3.055208131124247800e-02,-2.459629294901535166e-06,1.079999999999999988e-01
-3.376698322081605141e+01,3.055207417381839222e-02,-2.423748468287982556e-06,1.079999999999999988e-01
-3.376734839714955427e+01,3.054558265890204918e-02,-2.438380667619359052e-06,1.079999999999999988e-01
-3.376633832962156134e+01,3.054667867021257019e-02,-2.416923371280222499e-06,1.079999999999999988e-01
-3.376777471401116060e+01,3.055191836266268543e-02,-2.440673024423306583e-06,1.079999999999999988e-01
-3.376735425512234201e+01,3.055175666505302243e-02,-2.432710194572219824e-06,1.079999999999999988e-01
-3.376787822089267621e+01,3.054672316379237335e-02,-2.447616899550616808e-06,1.079999999999999988e-01
-3.376799367716625255e+01,3.053973276330544315e-02,-2.452300310527784822e-06,1.079999999999999988e-01
-3.376712783187832656e+01,3.054472047984654187e-02,-2.431632023766960755e-06,1.079999999999999988e-01
-3.376784184615820550e+01,3.054959807325352203e-02,-2.444049492045294433e-06,1.079999999999999988e-01
-3.376744806027008394e+01,3.054713923677597823e-02,-2.436611332580834335e-06,1.079999999999999988e-01
-3.376749971840563802e+01,3.054672459885589275e-02,-2.436972567009024962e-06,1.079999999999999988e-01
-3.376743078197910819e+01,3.055698513283013756e-02,-2.429436341441559112e-06,1.079999999999999988e-01
-3.376760210896662073e+01,3.053846544759795945e-02,-2.446233388744047680e-06,1.079999999999999988e-01
-3.376743850569168615e+01,3.055273037763552371e-02,-2.434717221962197940e-06,1.079999999999999988e-01
-3.376716619404654551e+01,3.054229761933520762e-02,-2.435529737566982676e-06,1.079999999999999988e-01
-3.376826234717999142e+01,3.055334025350412916e-02,-2.448976876097799853e-06,1.079999999999999988e-01
-3.376661671872827952e+01,3.054456382069821452e-02,-2.421825324944209867e-06,1.079999999999999988e-01
-3.376707831558570660e+01,3.054742361942368312e-02,-2.427492187279814561e-06,1.079999999999999988e-01
-3.376807549244161066e+01,3.055063212504447595e-02,-2.445159506823799436e-06,1.079999999999999988e-01
-3.376879951414856151e+01,3.054371999088035736e-02,-2.464048077027205697e-06,1.079999999999999988e-01
-3.376761137644164279e+01,3.054026140259774938e-02,-2.443791324384988418e-06,1.079999999999999988e-01
-3.376769701002660895e+01,3.055442297033472351e-02,-2.434745376102597735e-06,1.079999999999999988e-01
-3.376727751854445359e+01,3.054887214259182152e-02,-2.433356163202978930e-06,1.079999999999999988e-01
-3.376626103055252770e+01,3.055829233032417852e-02,-2.409025152458707631e-06,1.079999999999999988e-01
-3.376781069004794489e+01,3.054170691501836496e-02,-2.452542854805779948e-06,1.079999999999999988e-01
-3.376844581049815730e+01,3.054343214834709039e-02,-2.459326024819145092e-06,1.079999999999999988e-01
-3.376681180948102678e+01,3.054245910259045793e-02,-2.429089645812857905e-06,1.079999999999999988e-01
-3.376885645886527243e+01,3.055279389672386006e-02,-2.460605893441077465e-06,1.079999999999999988e-01
-3.376782665986137744e+01,3.055593994888358353e-02,-2.437552788901177002e-06,1.079999999999999988e-01
-3.376638720156655182e+01,3.053875663839087512e-02,-2.421262931722184005e-06,1.079999999999999988e-01
-3.376810022543554624e+01,3.054761271565630681e-02,-2.446767311086697341e-06,1.079999999999999988e-01
-3.376667525825577343e+01,3.054553285139938526e-02,-2.422344426250971719e-06,1.079999999999999988e-01
-3.376791977693959979e+01,3.054494621301228133e-02,-2.448654706091389956e-06,1.079999999999999988e-01
-3.376784984626642228e+01,3.054799687553020476e-02,-2.447934395812618672e-06,1.079999999999999988e-01
-3.376765425840012824e+01,3.054831547596466301e-02,-2.441105468722110143e-06,1.079999999999999988e-01
-3.376758505400326982e+01,3.054481791556393905e-02,-2.438957730226285323e-06,1.079999999999999988e-01
-3.376690549565307720e+01,3.053610987285118247e-02,-2.434161034834209529e-06,1.079999999999999988e-01
-3.376847350832284889e+01,3.055824559114965130e-02,-2.446964999586160581e-06,1.079999999999999988e-01
-3.376713904843599323e+01,3.054992167077288934e-02,-2.428654534355701919e-06,1.079999999999999988e-01
-3.376722190666824730e+01,3.053703875515654045e-02,-2.437131053015501783e-06,1.079999999999999988e-01
-3.376709564281337350e+01,3.054293387379125937e-02,-2.432716581756983102e-06,1.079999999999999988e-01
-3.376814642167434499e+01,3.055131069280294862e-02,-2.447637445277154119e-06,1.079999999999999988e-01
-3.376847465290644124e+01,3.055389437113392379e-02,-2.449017925465353005e-06,1.079999999999999988e-01
-3.376752848176795396e+01,3.054725842801100585e-02,-2.434778319756936367e-06,1.079999999999999988e-01
-3.376691414357176058e+01,3.054639729696636066e-02,-2.429059227814430407e-06,1.079999999999999988e-01
-3.376852554974864518e+01,3.054158725600136792e-02,-2.458514470089095186e-06,1.079999999999999988e-01
-3.376802898114701890e+01,3.054932547698338899e-02,-2.445849033531427029e-06,1.079999999999999988e-01
-3.376802862516881731e+01,3.055796163957037390e-02,-2.439352017181425352e-06,1.079999999999999988e-01
-3.376887992260542148e+01,3.056503737694656053e-02,-2.453398104027430729e-06,1.079999999999999988e-01
-3.376703480692677317e+01,3.055255512434282283e-02,-2.424644817361968825e-06,1.079999999999999988e-01
-3.376661499878048289e+01,3.054387908451055081e-02,-2.427242427263342634e-06,1.079999999999999988e-01
-3.376779017114787962e+01,3.054557546259699385e-02,-2.445993280245076848e-06,1.079999999999999988e-01
-3.376710396415517579e+01,3.054718663431613135e-02,-2.432659021743702044e-06,1.079999999999999988e-01
-3.376801426869851497e+01,3.055197400550243095e-02,-2.443692022244503752e-06,1.079999999999999988e-01
-3.376862736962768707e+01,3.054100083736800350e-02,-2.463445662607839565e-06,1.079999999999999988e-01
-3.376750052356112519e+01,3.053771815289234304e-02,-2.443331289214549494e-06,1.079999999999999988e-01
-3.376689839174070329e+01,3.054301317177256572e-02,-2.433135884403316630e-06,1.079999999999999988e-01
-3.376766846398106026e+01,3.055143634415195819e-02,-2.440034202779472450e-06,1.079999999999999988e-01
-3.376679409896156869e+01,3.054855402687725596e-02,-2.425279897941811824e-06,1.079999999999999988e-01
-3.376712393484793040e+01,3.055672897884061101e-02,-2.426416677433195527e-06,1.079999999999999988e-01
-3.376831377954719926e+01,3.055604605589374440e-02,-2.445950423063496774e-06,1.079999999999999988e-01
-3.376730304853689546e+01,3.054563230681268601e-02,-2.437706834670675591e-06,1.079999999999999988e-01
-3.376641364632192222e+01,3.055723823988856780e-02,-2.410899897495012850e-06,1.079999999999999988e-01
-3.376741605591170980e+01,3.054626764543351067e-02,-2.440729056510787690e-06,1.079999999999999988e-01
-3.376796779584660868e+01,3.054451205838788069e-02,-2.446165792294353242e-06,1.079999999999999988e-01
-3.376881740286156486e+01,3.055096323911722991e-02,-2.459083317988746466e-06,1.079999999999999988e-01
-3.376807595155092656e+01,3.055919993589214026e-02,-2.437798465312986319e-06,1.079999999999999988e-01
-3.376756224189370670e+01,3.054925494786054491e-02,-2.438038904887608665e-06,1.079999999999999988e-01
-3.376714500970456356e+01,3.054063552942572202e-02,-2.438926991758782523e-06,1.079999999999999988e-01
-3.376810587604591518e+01,3.055087686023758020e-02,-2.446895423865723835e-06,1.079999999999999988e-01
-3.376715282098210480e+01,3.054263267413684022e-02,-2.436364918191045832e-06,1.079999999999999988e-01
-3.376750177258082175e+01,3.055381957553674963e-02,-2.436986526244154875e-06,1.079999999999999988e-01
-3.376842616131446562e+01,3.053889745380333406e-02,-2.461748477016296979e-06,1.079999999999999988e-01
-3.376665046905954171e+01,3.053128284287277838e-02,-2.432670655169761898e-06,1.079999999999999988e-01
-3.376768071010659611e+01,3.054053398183220053e-02,-2.445825010860748352e-06,1.079999999999999988e-01
-3.376700380177119598e+01,3.054989064348518843e-02,-2.427762671303698240e-06,1.079999999999999988e-01
-3.376695917811475312e+01,3.054034837247906684e-02,-2.436075794770026988e-06,1.079999999999999988e-01
-3.376849402657672528e+01,3.054922152511968872e-02,-2.453334614749735828e-06,1.079999999999999988e-01
-3.376790931426052822e+01,3.054605574512565813e-02,-2.440631173879164167e-06,1.079999999999999988e-01
-3.376757288009969926e+01,3.055122146507047165e-02,-2.437937621691173357e-06,1.079999999999999988e-01
-3.376839415628192143e+01,3.056245669525495604e-02,-2.443514726062847977e-06,1.079999999999999988e-01
-3.376877046052236864e+01,3.054978994401336134e-02,-2.455795013566832618e-06,1.079999999999999988e-01
-3.376710417015485888e+01,3.054970695001785544e-02,-2.429941733711607942e-06,1.079999999999999988e-01
-3.376757690523557187e+01,3.054273167236352601e-02,-2.444230588030887724e-06,1.079999999999999988e-01
-3.376655862312212264e+01,3.055120656481218056e-02,-2.417914242954825472e-06,1.079999999999999988e-01
-3.376738430557637827e+01,3.055008487102702647e-02,-2.434010249996784268e-06,1.079999999999999988e-01
-3.376671783402264282e+01,3.054737682268419269e-02,-2.424378012333391211e-06,1.079999999999999988e-01
-3.376784632051588630e+01,3.055791523892227232e-02,-2.441576746342846516e-06,1.079999999999999988e-01
-3.376769672051598548e+01,3.055006724469993759e-02,-2.441288806230495957e-06,1.079999999999999988e-01
-3.376704528968114261e+01,3.054790946901922086e-02,-2.424670241967526977e-06,1.079999999999999988e-01
-3.376884022843593414e+01,3.053955640835404398e-02,-2.470978451105052422e-06,1.079999999999999988e-01
-3.376672727761015125e+01,3.055275017825257247e-02,-2.418083740938502843e-06,1.079999999999999988e-01
-3.376703974294304089e+01,3.055573012997713639e-02,-2.419949644026622662e-06,1.079999999999999988e-01
-3.376834953093680980e+01,3.055310150847301634e-02,-2.447230042059564598e-06,1.079999999999999988e-01
-3.376823615712071813e+01,3.055292419450367225e-02,-2.446375948226156088e-06,1.079999999999999988e-01
-3.376732241537255419e+01,3.055137024854433572e-02,-2.432167554956548823e-06,1.079999999999999988e-01
-3.376722064075052998e+01,3.054862374479825476e-02,-2.430007545137005224e-06,1.079999999999999988e-01
-3.376754207576417599e+01,3.055361680235139932e-02,-2.433457009465838352e-06,1.079999999999999988e-01
-3.376600491517058344e+01,3.053664451655001277e-02,-2.420359784696748933e-06,1.079999999999999988e-01
-3.376697544316572674e+01,3.055594764514050696e-02,-2.425663267171514189e-06,1.079999999999999988e-01
-3.376705495344419461e+01,3.054862568556288710e-02,-2.432406516275387903e-06,1.079999999999999988e-01
-3.376665031276768758e+01,3.055348833300501610e-02,-2.417906490563228844e-06,1.079999999999999988e-01
-3.376725498457670227e+01,3.054112727186057002e-02,-2.438937430353148042e-06,1.079999999999999988e-01
-3.376809681739405988e+01,3.054213276785467876e-02,-2.452951569568670424e-06,1.079999999999999988e-01
-3.376763297153887322e+01,3.055296302636685557e-02,-2.434682807817433969e-06,1.079999999999999988e-01
-3.376733534952433047e+01,3.055646311937404089e-02,-2.428711643143449819e-06,1.079999999999999988e-01
-3.376721931726974191e+01,3.054102630415257355e-02,-2.434563111567816655e-06,1.079999999999999988e-01
-3.376720230252040267e+01,3.055136679229372709e-02,-2.431116961287615875e-06,1.079999999999999988e-01
-3.376781225500919703e+01,3.056131438499447295e-02,-2.436767895154960670e-06,1.079999999999999988e-01
-3.376799667220263501e+01,3.054500222157125605e-02,-2.449104691036987973e-06,1.079999999999999988e-01
-3.376658744885554597e+01,3.053343158063444654e-02,-2.436429589474497009e-06,1.079999999999999988e-01
-3.376740299800450629e+01,3.053695624069448569e-02,-2.442850289305287962e-06,1.079999999999999988e-01
-3.376731811845786524e+01,3.054369335955796350e-02,-2.437199178409236685e-06,1.079999999999999988e-01
-3.376830969742496080e+01,3.054480975624552716e-02,-2.452697132643537105e-06,1.079999999999999988e-01
-3.376714874603842276e+01,3.056283577419647776e-02,-2.421359219511967675e-06,1.079999999999999988e-01
-3.376933849932638054e+01,3.055546062641644259e-02,-2.464976513922464981e-06,1.079999999999999988e-01
-3.376780990814487637e+01,3.053490609355423088e-02,-2.455390720516983631e-06,1.079999999999999988e-01
-3.376909570793235105e+01,3.054151413684200525e-02,-2.472078959297750319e-06,1.079999999999999988e-01
-3.376769930528403307e+01,3.055885162252366255e-02,-2.433566439049594837e-06,1.079999999999999988e-01
-3.376798606260791047e+01,3.055265614029515492e-02,-2.442786074132817543e-06,1.079999999999999988e-01
-3.376736769106988589e+01,3.053935178241779999e-02,-2.440741753401119582e-06,1.079999999999999988e-01
-3.376738535170445488e+01,3.054181847169200326e-02,-2.440885242171202127e-06,1.079999999999999988e-01
-3.376574046644026339e+01,3.053610974131884884e-02,-2.411935043740991941e-06,1.079999999999999988e-01
-3.376856806811928635e+01,3.055059655304204896e-02,-2.451658942371155118e-06,1.079999999999999988e-01
-3.376729398668203430e+01,3.054676126798921282e-02,-2.434032120581897188e-06,1.079999999999999988e-01
-3.376842916259620608e+01,3.055589148627322824e-02,-2.445811053444943141e-06,1.079999999999999988e-01
-3.376732370037525754e+01,3.053691935194848689e-02,-2.441222176017044418e-06,1.079999999999999988e-01
-3.376862620578626206e+01,3.054365740962173767e-02,-2.462528404673884427e-06,1.079999999999999988e-01
-3.376765570055061971e+01,3.055742601021509131e-02,-2.440858729129976679e-06,1.079999999999999988e-01
-3.376755204789342457e+01,3.054308486504624456e-02,-2.438379531660180226e-06,1.079999999999999988e-01
-3.376687585274385128e+01,3.054861107129928227e-02,-2.426434347671355292e-06,1.079999999999999988e-01
-3.376916603416011498e+01,3.054686016819078628e-02,-2.470643561286279825e-06,1.079999999999999988e-01
-3.376726408563375514e+01,3.055250486322074605e-02,-2.428790154369621470e-06,1.079999999999999988e-01
-3.376752056190218099e+01,3.055317010473079103e-02,-2.432912852981411827e-06,1.079999999999999988e-01
-3.376574547694920625e+01,3.053448757896825780e-02,-2.416016777553151914e-06,1.079999999999999988e-01
-3.376832085211085399e+01,3.054805601568918311e-02,-2.451233799106905117e-06,1.079999999999999988e-01
-3.376754440100133081e+01,3.053878048252970170e-02,-2.445891058646299393e-06,1.079999999999999988e-01
-3.376719790560701995e+01,3.055247063839112293e-02,-2.423195914871173116e-06,1.079999999999999988e-01
-3.376656464540407399e+01,3.054149091738429106e-02,-2.425784196516807393e-06,1.079999999999999988e-01
-3.376653256641267120e+01,3.055103763770473935e-02,-2.419986602851550612e-06,1.079999999999999988e-01
-3.376807414295312526e+01,3.054241283415674857e-02,-2.453170813500122108e-06,1.079999999999999988e-01
-3.376789485437970484e+01,3.054454278269919457e-02,-2.445228549480873750e-06,1.079999999999999988e-01
-3.376845276527279083e+01,3.053306373036890342e-02,-2.463666754595873400e-06,1.079999999999999988e-01
-3.376825840652033150e+01,3.054718435736103466e-02,-2.450122941738021236e-06,1.079999999999999988e-01
-3.376666359486181790e+01,3.055252038427097930e-02,-2.420618706508348144e-06,1.079999999999999988e-01
-3.376713482437289571e+01,3.054225050347365855e-02,-2.433504682997733995e-06,1.079999999999999988e-01
-3.376780140683075615e+01,3.054819892136398374e-02,-2.443963752893505443e-06,1.079999999999999988e-01
-3.376832979291339853e+01,3.055532129368305691e-02,-2.449596056186692737e-06,1.079999999999999988e-01
-3.376748250206735946e+01,3.054149046609447304e-02,-2.440435061690855303e-06,1.079999999999999988e-01
-3.376822490834892676e+01,3.055279427355096084e-02,-2.448775651295212622e-06,1.079999999999999988e-01
-3.376648627058722951e+01,3.055380184238665198e-02,-2.413016620800045236e-06,1.079999999999999988e-01
-3.376777729615460544e+01,3.054187257072496497e-02,-2.444842203524495683e-06,1.079999999999999988e-01
-3.376793943277091614e+01,3.054413800956794212e-02,-2.445480584146456237e-06,1.079999999999999988e-01
-3.376670062737745326e+01,3.055468166356762466e-02,-2.419229054717288888e-06,1.079999999999999988e-01
-3.376693571486918444e+01,3.054796039370221566e-02,-2.428785430567183239e-06,1.079999999999999988e-01
-3.376702111296815900e+01,3.055068108300798904e-02,-2.429746377634282619e-06,1.079999999999999988e-01
-3.376783010042767330e+01,3.054097586109014162e-02,-2.449695537114336990e-06,1.079999999999999988e-01
-3.376840566091522788e+01,3.056736826450150157e-02,-2.439073838658316377e-06,1.079999999999999988e-01
-3.376813684572290697e+01,3.054765038155717385e-02,-2.450575985074779362e-06,1.079999999999999988e-01
-3.376684071567621004e+01,3.055485474755456968e-02,-2.423187244313961487e-06,1.079999999999999988e-01
-3.376739744333639237e+01,3.055603526667188471e-02,-2.426489939314332241e-06,1.079999999999999988e-01
-3.376816282746976583e+01,3.053384623331350037e-02,-2.458318246902966923e-06,1.079999999999999988e-01
-3.376703160077345700e+01,3.055076525524963102e-02,-2.427762146112259372e-06,1.079999999999999988e-01
-3.376852260145019358e+01,3.055000608700457823e-02,-2.454037603089214867e-06,1.079999999999999988e-01
-3.376727257668726878e+01,3.056500374920028545e-02,-2.423616178896242172e-06,1.079999999999999988e-01
-3.376771193318373321e+01,3.054619803694654315e-02,-2.442921351245660722e-06,1.079999999999999988e-01
-3.376589045019125024e+01,3.054167802539361001e-02,-2.416291840784026928e-06,1.079999999999999988e-01
-3.376640013333799573e+01,3.054873014089598549e-02,-2.413991482037690751e-06,1.079999999999999988e-01
-3.376756249952057942e+01,3.054161098854549228e-02,-2.440676046111401686e-06,1.079999999999999988e-01
-3.376887744219047960e+01,3.054507076556614228e-02,-2.465170547997638492e-06,1.079999999999999988e-01
-3.376639096022378794e+01,3.054731571091822556e-02,-2.416058295311688278e-06,1.079999999999999988e-01
-3.376712336569702444e+01,3.054774524154372367e-02,-2.429548722345677233e-06,1.079999999999999988e-01
-3.376795177809592019e+01,3.055128753663575308e-02,-2.445551731275796744e-06,1.079999999999999988e-01
-3.376681446679583587e+01,3.054373331744082362e-02,-2.428207748323200714e-06,1.079999999999999988e-01
-3.376667528850404665e+01,3.056201002248596157e-02,-2.410861039066397523e-06,1.079999999999999988e-01
-3.376782648393100317e+01,3.055229990914357097e-02,-2.438502419231210366e-06,1.079999999999999988e-01
-3.376713306770990641e+01,3.055390988992872162e-02,-2.427774877344028887e-06,1.079999999999999988e-01
-3.376721510349432975e+01,3.055402153355122122e-02,-2.426712875177880098e-06,1.079999999999999988e-01
-3.376621597543636710e+01,3.053659190506604476e-02,-2.422493928906313491e-06,1.079999999999999988e-01
-3.376776013643957697e+01,3.054747543640016355e-02,-2.447108838810170835e-06,1.079999999999999988e-01
-3.376778947724805846e+01,3.054731715551676011e-02,-2.445025450848915143e-06,1.079999999999999988e-01
-3.376777077394870474e+01,3.054313393009058797e-02,-2.445813518310931883e-06,1.079999999999999988e-01
-3.376748167522914912e+01,3.054906948027483540e-02,-2.436030625550192025e-06,1.079999999999999988e-01
-3.376641470212855722e+01,3.055209903862711809e-02,-2.413220115755095832e-06,1.079999999999999988e-01
-3.376814857476918519e+01,3.055259497624540285e-02,-2.443544297349920374e-06,1.079999999999999988e-01
-3.376671508746480299e+01,3.054718737052182151e-02,-2.427839547761972057e-06,1.079999999999999988e-01
-3.376685549033528844e+01,3.056124947442657655e-02,-2.416578420298883559e-06,1.079999999999999988e-01
-3.376780459542104040e+01,3.055510543231060305e-02,-2.440574200464518782e-06,1.079999999999999988e-01
-3.376752810026551543e+01,3.054883728066334209e-02,-2.437790614840588956e-06,1.079999999999999988e-01
-3.376735396243129372e+01,3.054373333849063482e-02,-2.436155982519094250e-06,1.079999999999999988e-01
-3.376757547617178545e+01,3.054161205452464098e-02,-2.447176630563490129e-06,1.079999999999999988e-01
-3.376791773689505760e+01,3.054065376373244628e-02,-2.449560387953957516e-06,1.079999999999999988e-01
-3.376872719748838847e+01,3.055412303969466670e-02,-2.458867071616349834e-06,1.079999999999999988e-01
-3.376752795894425674e+01,3.054888907485971833e-02,-2.437808518464728399e-06,1.079999999999999988e-01
-3.376803035847912327e+01,3.054168885098890868e-02,-2.451183572825427728e-06,1.079999999999999988e-01
-3.376701380435579125e+01,3.053836365461000402e-02,-2.434093258655675942e-06,1.079999999999999988e-01
-3.376732025719541497e+01,3.053603218346453638e-02,-2.441652961045101749e-06,1.079999999999999988e-01
-3.376854734049162232e+01,3.055363366432715250e-02,-2.452125365374871580e-06,1.079999999999999988e-01
-3.376727760322241068e+01,3.054962586428085561e-02,-2.431501063941770697e-06,1.079999999999999988e-01
-3.376750577138010101e+01,3.054667054133296950e-02,-2.436222382328746349e-06,1.079999999999999988e-01
-3.376786957475400897e+01,3.054280227537284689e-02,-2.448147792102764630e-06,1.079999999999999988e-01
-3.376754273954181684e+01,3.054860574029633763e-02,-2.438359506078239678e-06,1.079999999999999988e-01
-3.376802905380968411e+01,3.055442546236608256e-02,-2.441657618102726517e-06,1.079999999999999988e-01
-3.376683328374485171e+01,3.054310567103657795e-02,-2.431952129848849471e-06,1.079999999999999988e-01
-3.376670353801429769e+01,3.054077114835838241e-02,-2.428293299694498457e-06,1.079999999999999988e-01
-3.376740847561598713e+01,3.053864404887600414e-02,-2.443412732906435577e-06,1.079999999999999988e-01
-3.376788652875536911e+01,3.055692228655720183e-02,-2.435765930764326439e-06,1.079999999999999988e-01
-3.376783068517711683e+01,3.054566022728348595e-02,-2.447921305537834993e-06,1.079999999999999988e-01
-3.376775770912669827e+01,3.054900962680663287e-02,-2.442606175161057996e-06,1.079999999999999988e-01
-3.376658419771675312e+01,3.054803730385615215e-02,-2.424089607924941238e-06,1.079999999999999988e-01
-3.376950097414453467e+01,3.054747349865160819e-02,-2.474096237272385428e-06,1.079999999999999988e-01
-3.376853894137364165e+01,3.054770698363692971e-02,-2.456401688635495874e-06,1.079999999999999988e-01
-3.376757235251875500e+01,3.054296934626688290e-02,-2.439543479683746555e-06,1.079999999999999988e-01
-3.376738369814368212e+01,3.053922017104958656e-02,-2.442151443831724767e-06,1.079999999999999988e-01
-3.376638478897324092e+01,3.055226138195296301e-02,-2.411862419301693958e-06,1.079999999999999988e-01
-3.376749954876371618e+01,3.054838526098020701e-02,-2.435288376891904917e-06,1.079999999999999988e-01
-3.376727984342953448e+01,3.054981962584591912e-02,-2.433212345088593344e-06,1.079999999999999988e-01
-3.376850175588065639e+01,3.054879100260652833e-02,-2.454768459090225763e-06,1.079999999999999988e-01
-3.376709390866118810e+01,3.054854070285221990e-02,-2.434712328590594142e-06,1.079999999999999988e-01
-3.376757542694257808e+01,3.056157027759923150e-02,-2.429417665669026861e-06,1.079999999999999988e-01
-3.376700273632376792e+01,3.055142806177765444e-02,-2.428305024566822715e-06,1.079999999999999988e-01
-3.376739655859389444e+01,3.053316217124416032e-02,-2.451150135611395146e-06,1.079999999999999988e-01
-3.376769738630964923e+01,3.054209115279611989e-02,-2.442532266287922443e-06,1.079999999999999988e-01
-3.376746238344851037e+01,3.054654362320691555e-02,-2.438735516433661942e-06,1.079999999999999988e-01
-3.376838292252529072e+01,3.055028192859646219e-02,-2.449923573060021920e-06,1.079999999999999988e-01
-3.376655860983369450e+01,3.055275626339547246e-02,-2.420272054221022652e-06,1.079999999999999988e-01
-3.376843823778988707e+01,3.053679437384205358e-02,-2.465136238570327899e-06,1.079999999999999988e-01
-3.376823166805497323e+01,3.055912269623360655e-02,-2.444467488746782222e-06,1.079999999999999988e-01
-3.376674239064661975e+01,3.054293436319389585e-02,-2.429207442714282626e-06,1.079999999999999988e-01
-3.376738058212589522e+01,3.054723609954594632e-02,-2.434440985974202933e-06,1.079999999999999988e-01
-3.376707609269227106e+01,3.054418965409442382e-02,-2.432737236975918741e-06,1.079999999999999988e-01
-3.376754735870475344e+01,3.054594130929726148e-02,-2.440767093331646805e-06,1.079999999999999988e-01
-3.376779767996485049e+01,3.053894856107029765e-02,-2.449705704336139060e-06,1.079999999999999988e-01
-3.376627413120078813e+01,3.054336082425800417e-02,-2.420833342891122077e-06,1.079999999999999988e-01
-3.376827297880469558e+01,3.054688096483449897e-02,-2.455789056398617900e-06,1.079999999999999988e-01
-3.376713100747915774e+01,3.054176877527736353e-02,-2.436287234695234411e-06,1.079999999999999988e-01
-3.376670880674107167e+01,3.054043269705406308e-02,-2.426139111380961588e-06,1.079999999999999988e-01
-3.376774659309689497e+01,3.055190888849288258e-02,-2.439657947406142280e-06,1.079999999999999988e-01
-3.376634167176616330e+01,3.054903674839913597e-02,-2.415963508044877509e-06,1.079999999999999988e-01
-3.376671026420154220e+01,3.054534811356973689e-02,-2.428036804303289864e-06,1.079999999999999988e-01
-3.376705959530195855e+01,3.054853616327513413e-02,-2.429959470306300844e-06,1.079999999999999988e-01
-3.376847795709631583e+01,3.054221503402945390e-02,-2.459023950427432665e-06,1.079999999999999988e-01
-3.376816099110620684e+01,3.055332399471930027e-02,-2.443166121713627790e-06,1.079999999999999988e-01
-3.376877159092326508e+01,3.055100370649818306e-02,-2.460485605028275836e-06,1.079999999999999988e-01
-3.376706595191392779e+01,3.055746374750067246e-02,-2.422654750728262917e-06,1.079999999999999988e-01
-3.376771898270779104e+01,3.055107473178393304e-02,-2.438603547044663294e-06,1.079999999999999988e-01
-3.376756729770679044e+01,3.054213277542770083e-02,-2.447179406666464253e-06,1.079999999999999988e-01
-3.376755085893491781e+01,3.054962995083049596e-02,-2.437487886754601594e-06,1.079999999999999988e-01
-3.376741053049553898e+01,3.054445453100970015e-02,-2.440998319621041960e-06,1.079999999999999988e-01
-3.376847258222841219e+01,3.055391892649453670e-02,-2.452253924916834761e-06,1.079999999999999988e-01
-3.376749899866246096e+01,3.054455365885047971e-02,-2.437207125634567065e-06,1.079999999999999988e-01
-3.376732188089398790e+01,3.055361502850617583e-02,-2.426024769654804011e-06,1.079999999999999988e-01
-3.376737332920071566e+01,3.053852149692051765e-02,-2.442747106932401497e-06,1.079999999999999988e-01
-3.376693234128750731e+01,3.054796358086695612e-02,-2.428274690212450254e-06,1.079999999999999988e-01
-3.376749517760730868e+01,3.054801098480211530e-02,-2.439488363918215406e-06,1.079999999999999988e-01
-3.376664077397997943e+01,3.054919525517089257e-02,-2.420613385713980077e-06,1.079999999999999988e-01
-3.376780798751101287e+01,3.056119526198696965e-02,-2.431673859911792095e-06,1.079999999999999988e-01
-3.376939129136943052e+01,3.055863253168837959e-02,-2.461660310825264513e-06,1.079999999999999988e-01
-3.376701248854924131e+01,3.053899473718931987e-02,-2.432515783258736142e-06,1.079999999999999988e-01
-3.376700102237040113e+01,3.055022029617252000e-02,-2.427741456803729335e-06,1.079999999999999988e-01
-3.376837517361690999e+01,3.055441892661131184e-02,-2.448490199583631599e-06,1.079999999999999988e-01
-3.376706289317635168e+01,3.055154735487630377e-02,-2.427227605493717192e-06,1.079999999999999988e-01
-3.376812263351383336e+01,3.054182256840190512e-02,-2.450475535439596930e-06,1.079999999999999988e-01
-3.376728019420814064e+01,3.055487894359242701e-02,-2.429414615824853554e-06,1.079999999999999988e-01
-3.376698821655276817e+01,3.054609639958469347e-02,-2.431477462258289691e-06,1.079999999999999988e-01
-3.376824428455586968e+01,3.054581807193916532e-02,-2.456262602270708516e-06,1.079999999999999988e-01
-3.376736086780165635e+01,3.054872918231168327e-02,-2.436487369779839213e-06,1.079999999999999988e-01
-3.376958393091015864e+01,3.054731862485526861e-02,-2.480847164266405857e-06,1.079999999999999988e-01
-3.376657951465778496e+01,3.053665224733482023e-02,-2.430073347818967589e-06,1.079999999999999988e-01
-3.376804461601116003e+01,3.055036877744920706e-02,-2.444360987813859629e-06,1.079999999999999988e-01
-3.376719661784901660e+01,3.054517242660629087e-02,-2.435059947209103068e-06,1.079999999999999988e-01
-3.376692740015473504e+01,3.055407424922717760e-02,-2.427967410597527988e-06,1.079999999999999988e-01
-3.376764290164135218e+01,3.055650671816803610e-02,-2.434544709323217208e-06,1.079999999999999988e-01
-3.376714531409969311e+01,3.053551776635316309e-02,-2.441784380208330451e-06,1.079999999999999988e-01
-3.376616989320921647e+01,3.055253960751972558e-02,-2.407519586880117559e-06,1.079999999999999988e-01
-3.376709454724922921e+01,3.054425399545954850e-02,-2.431244400767340095e-06,1.079999999999999988e-01
-3.376713655938073799e+01,3.055161494726018126e-02,-2.428703974003446947e-06,1.079999999999999988e-01
-3.376703790184367904e+01,3.055144426979600550e-02,-2.427423030884802722e-06,1.079999999999999988e-01
-3.376746067075109181e+01,3.054890763855430333e-02,-2.437905767908538386e-06,1.079999999999999988e-01
-3.376852055211877257e+01,3.054116918644306927e-02,-2.462592196012342543e-06,1.079999999999999988e-01
-3.376751794830990860e+01,3.054081900795111576e-02,-2.441898481771104243e-06,1.079999999999999988e-01
-3.376701076222821740e+01,3.054676593479428715e-02,-2.425456374601294545e-06,1.079999999999999988e-01
-3.376747255451466856e+01,3.055360790189605436e-02,-2.430566448478769192e-06,1.079999999999999988e-01
-3.376783083759321613e+01,3.054542202116646010e-02,-2.445593189635635227e-06,1.079999999999999988e-01
-3.376732496661985294e+01,3.055235659896297223e-02,-2.435685494313338591e-06,1.079999999999999988e-01
-3.376759650650710398e+01,3.055550971668901869e-02,-2.437744621777683339e-06,1.079999999999999988e-01
-3.376652057117893690e+01,3.054549870645022203e-02,-2.421918281996637371e-06,1.079999999999999988e-01
-3.376656517132936131e+01,3.055149054753149990e-02,-2.417232024175183814e-06,1.079999999999999988e-01
-3.376744181903563913e+01,3.055288872377901963e-02,-2.430125657464335453e-06,1.079999999999999988e-01
-3.376834755855535519e+01,3.056779798733460021e-02,-2.442651852954674073e-06,1.079999999999999988e-01
-3.376817831478174270e+01,3.055201599168118690e-02,-2.446908732027522792e-06,1.079999999999999988e-01
-3.376722236501251473e+01,3.054171533962922111e-02,-2.437401571982140667e-06,1.079999999999999988e-01
-3.376774770688672334e+01,3.055493195885214744e-02,-2.433219358281757860e-06,1.079999999999999988e-01
-3.376843050031693139e+01,3.054842723522899553e-02,-2.456286705106063817e-06,1.079999999999999988e-01
-3.376820236093937666e+01,3.055125645877352844e-02,-2.448111327109237199e-06,1.079999999999999988e-01
-3.376775949825058376e+01,3.055443624986857107e-02,-2.436752152587490806e-06,1.079999999999999988e-01
-3.376768799239344787e+01,3.054427283814740990e-02,-2.443125702318343159e-06,1.079999999999999988e-01
-3.376715833214550599e+01,3.053808674625113281e-02,-2.436987010564513809e-06,1.079999999999999988e-01
-3.376779536919191571e+01,3.055072360064260348e-02,-2.443927747074290693e-06,1.079999999999999988e-01
-3.376643465513232201e+01,3.055290449832420013e-02,-2.413008655759093746e-06,1.079999999999999988e-01
-3.376806143962546258e+01,3.053751384453793835e-02,-2.455224911078122337e-06,1.079999999999999988e-01
-3.376775517627235956e+01,3.055198251109651417e-02,-2.443889775821328336e-06,1.079999999999999988e-01
-3.376785595902679660e+01,3.054870106098498198e-02,-2.442416521599810085e-06,1.079999999999999988e-01
-3.376666431914572541e+01,3.055081347612850079e-02,-2.420392755367089916e-06,1.079999999999999988e-01
-3.376861421618272630e+01,3.055855326777960970e-02,-2.450968329132100833e-06,1.079999999999999988e-01
-3.376645565181398467e+01,3.054963859618903613e-02,-2.415655390730058305e-06,1.079999999999999988e-01
-3.376852991141365123e+01,3.054108967380286463e-02,-2.461246692137217866e-06,1.079999999999999988e-01
-3.376577227243934232e+01,3.054544482658631127e-02,-2.407256537098947433e-06,1.079999999999999988e-01
-3.376678566763014544e+01,3.055039901205199027e-02,-2.424788244505846996e-06,1.079999999999999988e-01
-3.376808537220657058e+01,3.055058180992995323e-02,-2.448365171289136502e-06,1.079999999999999988e-01
-3.376736395318624773e+01,3.053888196264724700e-02,-2.444326822620007084e-06,1.079999999999999988e-01
-3.376623840438759316e+01,3.054912027530196084e-02,-2.412714711098299338e-06,1.079999999999999988e-01
-3.376659577470235973e+01,3.056047542100619879e-02,-2.412191262308949578e-06,1.079999999999999988e-01
-3.376809479073435227e+01,3.054492036100762975e-02,-2.453372348835244947e-06,1.079999999999999988e-01
-3.376615544361427368e+01,3.054807066240957519e-02,-2.413490521841232550e-06,1.079999999999999988e-01
-3.376812666876934088e+01,3.055005380552973382e-02,-2.446360322288481476e-06,1.079999999999999988e-01
-3.376707328303521649e+01,3.054750592369483500e-02,-2.431658295763830555e-06,1.079999999999999988e-01
-3.376793463688617436e+01,3.054023510322237053e-02,-2.450171312660450618e-06,1.079999999999999988e-01
-3.376749812586427169e+01,3.055350114261714059e-02,-2.431006480677478443e-06,1.079999999999999988e-01
-3.376725237278087377e+01,3.055658178465998562e-02,-2.423535254251683079e-06,1.079999999999999988e-01
-3.376783419498587335e+01,3.054944365023555888e-02,-2.445257172264651823e-06,1.079999999999999988e-01
-3.376739882404447002e+01,3.054772198886870904e-02,-2.435045301783496037e-06,1.079999999999999988e-01
-3.376784592556478515e+01,3.053652038245885728e-02,-2.451840525701084845e-06,1.079999999999999988e-01
-3.376636320400804436e+01,3.053906345848042894e-02,-2.424966031156279475e-06,1.079999999999999988e-01
-3.376826018618751846e+01,3.053861730353751511e-02,-2.457885637459744176e-06,1.079999999999999988e-01
-3.376790098554959485e+01,3.053611391963525351e-02,-2.451198918553122280e-06,1.079999999999999988e-01
-3.376717502425882600e+01,3.055404713007871600e-02,-2.428689829236965500e-06,1.079999999999999988e-01
-3.376903634162598422e+01,3.054990410011724708e-02,-2.463020108723363235e-06,1.079999999999999988e-01
-3.376777991404798485e+01,3.054909380816971803e-02,-2.442304660629956047e-06,1.079999999999999988e-01
-3.376713040865322313e+01,3.056154711149781586e-02,-2.421707519835979906e-06,1.079999999999999988e-01
-3.376875764969801708e+01,3.055401010593662009e-02,-2.457235209138245608e-06,1.079999999999999988e-01
-3.376739177578460271e+01,3.054958270155723465e-02,-2.435010281309880973e-06,1.079999999999999988e-01
-3.376805398518101242e+01,3.054130024602240076e-02,-2.453264973866339130e-06,1.079999999999999988e-01
-3.376640447476411566e+01,3.055120415939709122e-02,-2.414610743662190707e-06,1.079999999999999988e-01
-3.376676915319765726e+01,3.054914769823150605e-02,-2.420578298254271674e-06,1.079999999999999988e-01
-3.376728684888841059e+01,3.053783500658842701e-02,-2.436671015483141555e-06,1.079999999999999988e-01
-3.376711500793594922e+01,3.053600772475577665e-02,-2.438985386039768193e-06,1.079999999999999988e-01
-3.376748717008559453e+01,3.053497008508641516e-02,-2.446487028311173810e-06,1.079999999999999988e-01
-3.376667272748462523e+01,3.054299124850936090e-02,-2.427341298383230871e-06,1.079999999999999988e-01
-3.376754344090515758e+01,3.054624435149208214e-02,-2.440986638792220204e-06,1.079999999999999988e-01
-3.376689118180468085e+01,3.055017093645032850e-02,-2.427090899437086513e-06,1.079999999999999988e-01
-3.376753785639807859e+01,3.055088180118003052e-02,-2.435110170253893924e-06,1.079999999999999988e-01
-3.376605267797351928e+01,3.055277782444935572e-02,-2.406431202317439416e-06,1.079999999999999988e-01
-3.376715648060564945e+01,3.054551871274214722e-02,-2.432411030933088727e-06,1.079999999999999988e-01
-3.376729405549476581e+01,3.054063572309407421e-02,-2.436294223257421127e-06,1.079999999999999988e-01
-3.376635915827280598e+01,3.055439516059958380e-02,-2.408724926371522958e-06,1.079999999999999988e-01
-3.376677410428939652e+01,3.054714752162773772e-02,-2.424995831289778747e-06,1.079999999999999988e-01
-3.376805155234812617e+01,3.054238604432371607e-02,-2.451823962577120677e-06,1.079999999999999988e-01
-3.376653982624024053e+01,3.053707801222876883e-02,-2.429957332120948938e-06,1.079999999999999988e-01
-3.376820086614416994e+01,3.055928677363540028e-02,-2.444586399602681903e-06,1.079999999999999988e-01
-3.376691081551154383e+01,3.055267566815694433e-02,-2.423641853154425608e-06,1.079999999999999988e-01
-3.376692404986490459e+01,3.053937796123638512e-02,-2.435154445927748644e-06,1.079999999999999988e-01
-3.376758076559782751e+01,3.054225022148550350e-02,-2.441511376976125022e-06,1.079999999999999988e-01
-3.376798976188700152e+01,3.054689996357944429e-02,-2.448487699252478387e-06,1.079999999999999988e-01
-3.376752685662697928e+01,3.055659181117135331e-02,-2.434767839341462148e-06,1.079999999999999988e-01
-3.376747989529755500e+01,3.055340379857538619e-02,-2.434822604784469622e-06,1.079999999999999988e-01
-3.376799745659406682e+01,3.055413650750258767e-02,-2.438978493399559926e-06,1.079999999999999988e-01
-3.376808745562249925e+01,3.056328926016825195e-02,-2.434857697337944907e-06,1.079999999999999988e-01
-3.376664689488403326e+01,3.054438754177070739e-02,-2.425202362504467389e-06,1.079999999999999988e-01
-3.376709716786727000e+01,3.054731507053201275e-02,-2.430516606281545445e-06,1.079999999999999988e-01
-3.376550381365084519e+01,3.054697862960677884e-02,-2.403307109647730952e-06,1.079999999999999988e-01
-3.376748783456648795e+01,3.054125897062355197e-02,-2.443646120434436636e-06,1.079999999999999988e-01
-3.376801754106152487e+01,3.055043229359212520e-02,-2.443391593660740411e-06,1.079999999999999988e-01
-3.376758675286734501e+01,3.055059692982327671e-02,-2.434139784838838348e-06,1.079999999999999988e-01
-3.376736877590018082e+01,3.055598568843635385e-02,-2.428656659508797174e-06,1.079999999999999988e-01
-3.376681966493694631e+01,3.054143448633948182e-02,-2.431689896105769565e-06,1.079999999999999988e-01
-3.376634665955388215e+01,3.056106598726965329e-02,-2.408291341859795743e-06,1.079999999999999988e-01
-3.376876002321000669e+01,3.053032446592198607e-02,-2.473038031872159623e-06,1.079999999999999988e-01
-3.376921416808540499e+01,3.055662485250303789e-02,-2.466156662642662866e-06,1.079999999999999988e-01
-3.376727741918919889e+01,3.055831564116249024e-02,-2.421815645482262174e-06,1.079999999999999988e-01
-3.376701056768892784e+01,3.054111102192729604e-02,-2.429762548281782132e-06,1.079999999999999988e-01
-3.376772980195285356e+01,3.055140856916759365e-02,-2.437583305362692379e-06,1.079999999999999988e-01
-3.376754558431889564e+01,3.055453761764682225e-02,-2.434461298932400051e-06,1.079999999999999988e-01
-3.376634824564632709e+01,3.055339016373726652e-02,-2.409711868853732815e-06,1.079999999999999988e-01
-3.376665091872442304e+01,3.055315737943211860e-02,-2.416349921386718172e-06,1.079999999999999988e-01
-3.376803390100771907e+01,3.055104176374043301e-02,-2.443701794506173702e-06,1.079999999999999988e-01
-3.376790103350479910e+01,3.055166840083362034e-02,-2.442217100105383898e-06,1.079999999999999988e-01
-3.376719784430149929e+01,3.054747823711273513e-02,-2.432900235695775031e-06,1.079999999999999988e-01
-3.376771795134207821e+01,3.054381198674171322e-02,-2.442168997247556574e-06,1.079999999999999988e-01
-3.376835753949340813e+01,3.054826922366480485e-02,-2.454612920440745586e-06,1.079999999999999988e-01
-3.376809235487574057e+01,3.055207028327775950e-02,-2.444979387025711440e-06,1.079999999999999988e-01
-3.376709650286577613e+01,3.056380986100907735e-02,-2.415822275783166488e-06,1.079999999999999988e-01
-3.376674194311561195e+01,3.054838380934176909e-02,-2.423210966865578431e-06,1.079999999999999988e-01
-3.376711257446696379e+01,3.054447536214493705e-02,-2.433507519525190428e-06,1.079999999999999988e-01
-3.376626501995802698e+01,3.054468941076014452e-02,-2.418039970801565399e-06,1.079999999999999988e-01
-3.376675349557511652e+01,3.054723833863931537e-02,-2.425990906962790572e-06,1.079999999999999988e-01
-3.376704077473794285e+01,3.054302450764103879e-02,-2.435215324081981033e-06,1.079999999999999988e-01
-3.376834143977009006e+01,3.054118879790816699e-02,-2.456216915098215098e-06,1.079999999999999988e-01
-3.376735666571799754e+01,3.053461504690504688e-02,-2.444751002244284096e-06,1.079999999999999988e-01
