9.560741241350398923e+03,6.310172665706738349e-02,-8.562308327268136989e-05,-3.345000000000000284e+01
9.625148609672085513e+03,6.640634545367567199e-02,-8.518701682893755863e-05,-3.345000000000000284e+01
9.660254528496316198e+03,6.588595935102989354e-02,-8.555861894217191180e-05,-3.345000000000000284e+01
9.565959709083217604e+03,6.461427906871332338e-02,-8.542012665374566999e-05,-3.345000000000000284e+01
9.644985481150157284e+03,6.481185313307451235e-02,-8.551967333263596407e-05,-3.345000000000000284e+01
9.651712158459687998e+03,6.759294105353838567e-02,-8.560273791702534719e-05,-3.345000000000000284e+01
9.612775324045394882e+03,6.609294359336122249e-02,-8.557007996077971941e-05,-3.345000000000000284e+01
9.632618503404990406e+03,6.893668768298646943e-02,-8.516026461110299899e-05,-3.345000000000000284e+01
9.645059173083756832e+03,6.873863933129663317e-02,-8.568515138730175965e-05,-3.345000000000000284e+01
9.613482547919107674e+03,6.895591446827240012e-02,-8.525447029395327009e-05,-3.345000000000000284e+01
9.616276691553017372e+03,6.657218335176813551e-02,-8.569186134700446718e-05,-3.345000000000000284e+01
9.566216154340248977e+03,6.780460034994303942e-02,-8.565524377435950961e-05,-3.345000000000000284e+01
9.667737779371207580e+03,6.823682920240513317e-02,-8.567391534019765846e-05,-3.345000000000000284e+01
9.611837271209595201e+03,6.993484330000249161e-02,-8.510630637113714039e-05,-3.345000000000000284e+01
9.647451780552417404e+03,6.982912061738490161e-02,-8.572376942151096655e-05,-3.345000000000000284e+01
9.575189391275856906e+03,6.759630507606140259e-02,-8.567453221877384677e-05,-3.345000000000000284e+01
9.594132070784809912e+03,6.409345268666107043e-02,-8.557951845983837672e-05,-3.345000000000000284e+01
9.631121994188089957e+03,6.563847040519489584e-02,-8.528036434763194970e-05,-3.345000000000000284e+01
9.595859839181102870e+03,6.289784724567766550e-02,-8.552546028540143294e-05,-3.345000000000000284e+01
9.660555475543445937e+03,6.703213354723297490e-02,-8.560023951666471476e-05,-3.345000000000000284e+01
9.693994345243127100e+03,6.935329311813510922e-02,-8.554106743190893335e-05,-3.345000000000000284e+01
9.620161685056160422e+03,6.857571276440334318e-02,-8.590033654027011271e-05,-3.345000000000000284e+01
9.569015799384917045e+03,6.753520169660383321e-02,-8.562460377488497962e-05,-3.345000000000000284e+01
9.619597160557888856e+03,6.671202183089536275e-02,-8.545781153717152087e-05,-3.345000000000000284e+01
9.533526655842915716e+03,6.457629869536059275e-02,-8.524911779298255843e-05,-3.345000000000000284e+01
9.603412652386212358e+03,6.837699723922073536e-02,-8.553035827157530577e-05,-3.345000000000000284e+01
9.625390427006423124e+03,6.830614545013173611e-02,-8.566025866278639703e-05,-3.345000000000000284e+01
9.585095676818655193e+03,6.637054740209161197e-02,-8.540519830711511349e-05,-3.345000000000000284e+01
9.649161838977221123e+03,6.623188157047833757e-02,-8.551301334495615481e-05,-3.345000000000000284e+01
9.610797862527628240e+03,6.404275839356889100e-02,-8.563966855797824971e-05,-3.345000000000000284e+01
9.603724278298386707e+03,6.716737744277775923e-02,-8.540562559690582152e-05,-3.345000000000000284e+01
9.597881018600719472e+03,6.739108448295223763e-02,-8.543222873420235986e-05,-3.345000000000000284e+01
9.600430032765443684e+03,6.369243956924670880e-02,-8.535336958496990846e-05,-3.345000000000000284e+01
9.543805856537646832e+03,6.658706017599290428e-02,-8.563820721808775005e-05,-3.345000000000000284e+01
9.643631801309202274e+03,6.420194643104396026e-02,-8.557105395051489748e-05,-3.345000000000000284e+01
9.600138353638054468e+03,7.095133666523473215e-02,-8.545263055580610417e-05,-3.345000000000000284e+01
9.581063090295292568e+03,6.458738707273915802e-02,-8.524979405252449457e-05,-3.345000000000000284e+01
9.588677643284765509e+03,6.997858692381218881e-02,-8.582240644089998499e-05,-3.345000000000000284e+01
9.632130059661711130e+03,6.001980254704852857e-02,-8.517403497792434656e-05,-3.345000000000000284e+01
9.581308573733791491e+03,6.460925056506833242e-02,-8.553503103048899661e-05,-3.345000000000000284e+01
9.590729836741107647e+03,6.678269674442104120e-02,-8.558073515759033868e-05,-3.345000000000000284e+01
9.667040704644748985e+03,6.369114628655762889e-02,-8.532098395051496782e-05,-3.345000000000000284e+01
9.592428997040306058e+03,6.484166601568598642e-02,-8.538654815162174808e-05,-3.345000000000000284e+01
9.611868722667773909e+03,6.312591714317118685e-02,-8.525358807870292714e-05,-3.345000000000000284e+01
9.566124866672837015e+03,6.828013046071347569e-02,-8.587429301256341589e-05,-3.345000000000000284e+01
9.662859228854584217e+03,6.593024814357371921e-02,-8.518835916528092942e-05,-3.345000000000000284e+01
9.559872801315246761e+03,6.689711512240759106e-02,-8.574580209701405161e-05,-3.345000000000000284e+01
9.578905103555123787e+03,6.528771486617464259e-02,-8.557046127700848820e-05,-3.345000000000000284e+01
9.605978189084882615e+03,6.813808586586857230e-02,-8.520659990324208307e-05,-3.345000000000000284e+01
9.629555771160925360e+03,6.720499276405447753e-02,-8.522134323984866932e-05,-3.345000000000000284e+01
9.609452865142877272e+03,6.662745025517127773e-02,-8.519603010319795849e-05,-3.345000000000000284e+01
9.544093367103872879e+03,6.472691833901079994e-02,-8.530105834978537332e-05,-3.345000000000000284e+01
9.613832629276970692e+03,6.493674784851233284e-02,-8.547917506905072696e-05,-3.345000000000000284e+01
9.648427311588076918e+03,6.987536302133959265e-02,-8.551155202079763196e-05,-3.345000000000000284e+01
9.573510851252887733e+03,6.804434448231633237e-02,-8.563663654129911320e-05,-3.345000000000000284e+01
9.645676283473134390e+03,6.404876474123682994e-02,-8.554118190794847518e-05,-3.345000000000000284e+01
9.606103213775613767e+03,6.835348480283856554e-02,-8.573198927313458470e-05,-3.345000000000000284e+01
9.574284562006787382e+03,6.573639710670545200e-02,-8.542699933774899152e-05,-3.345000000000000284e+01
9.620529047682497549e+03,6.524149638596893341e-02,-8.534442354339281001e-05,-3.345000000000000284e+01
9.597703321477363716e+03,6.563189510331594867e-02,-8.534052917841582827e-05,-3.345000000000000284e+01
9.643388538103050450e+03,5.838189903809698489e-02,-8.558302635734600379e-05,-3.345000000000000284e+01
9.593024391545213803e+03,6.654824463099419385e-02,-8.566577426109844590e-05,-3.345000000000000284e+01
9.628033800583754783e+03,6.453842825183235543e-02,-8.542116764647673239e-05,-3.345000000000000284e+01
9.579305447812510465e+03,6.312674553236431729e-02,-8.529649167484962898e-05,-3.345000000000000284e+01
9.608228368664578738e+03,6.487098035725209766e-02,-8.537820283626118252e-05,-3.345000000000000284e+01
9.637780751248614251e+03,6.631521610444469916e-02,-8.591812446194019770e-05,-3.345000000000000284e+01
9.590871319066447541e+03,6.626493375932081265e-02,-8.543568119789160336e-05,-3.345000000000000284e+01
9.668604652133537456e+03,6.350085376023431594e-02,-8.531255552533036643e-05,-3.345000000000000284e+01
9.564313832782374448e+03,6.648571114180441832e-02,-8.552837284065223041e-05,-3.345000000000000284e+01
9.584546771233506661e+03,6.939609105408013623e-02,-8.556964700618282214e-05,-3.345000000000000284e+01
9.567285993461322505e+03,6.565279007190899518e-02,-8.570120887646836595e-05,-3.345000000000000284e+01
9.588869917783162236e+03,6.259926646042980602e-02,-8.529780154714364736e-05,-3.345000000000000284e+01
9.650376028666343700e+03,6.390513064837843871e-02,-8.568669018141125541e-05,-3.345000000000000284e+01
9.624643343881538385e+03,6.457045941624139918e-02,-8.551735800203277805e-05,-3.345000000000000284e+01
9.585083101335134415e+03,6.871857481879044272e-02,-8.543636570730326675e-05,-3.345000000000000284e+01
9.651792509435548709e+03,6.173708589838394073e-02,-8.569664815106951882e-05,-3.345000000000000284e+01
9.635609148948626171e+03,6.622750685200598508e-02,-8.559396371560740277e-05,-3.345000000000000284e+01
9.625699086248774620e+03,6.413865846971698870e-02,-8.538038300516039589e-05,-3.345000000000000284e+01
9.608356719959931070e+03,6.733479807138272044e-02,-8.552681686538187594e-05,-3.345000000000000284e+01
9.636798512959841901e+03,6.743533652386160537e-02,-8.545370774169455154e-05,-3.345000000000000284e+01
9.637213929902825839e+03,6.533160078203943677e-02,-8.550482778898365385e-05,-3.345000000000000284e+01
9.614366671909361685e+03,6.829422587358910390e-02,-8.572175263017038670e-05,-3.345000000000000284e+01
9.597600088513852825e+03,6.722571637015883894e-02,-8.545901607023296328e-05,-3.345000000000000284e+01
9.603455881666748610e+03,6.538781721662256796e-02,-8.582677403807028053e-05,-3.345000000000000284e+01
9.571017053789430065e+03,6.317347809134458980e-02,-8.531565503252095989e-05,-3.345000000000000284e+01
9.602252531539264965e+03,6.557568285345187487e-02,-8.583226435240254488e-05,-3.345000000000000284e+01
9.612144412763129367e+03,6.765924638495486587e-02,-8.544771678107989461e-05,-3.345000000000000284e+01
9.594841132530400500e+03,6.800696314494074357e-02,-8.569118495163472642e-05,-3.345000000000000284e+01
9.645048637019737725e+03,6.491500138272975062e-02,-8.555937531429320584e-05,-3.345000000000000284e+01
9.598356951276571635e+03,6.760336748719371347e-02,-8.570902660429488692e-05,-3.345000000000000284e+01
9.584558498210144535e+03,6.332108145582841796e-02,-8.550963491957567966e-05,-3.345000000000000284e+01
9.668819142863265370e+03,6.624496433806159601e-02,-8.557234298795964847e-05,-3.345000000000000284e+01
9.627050369631655485e+03,6.885780490789869535e-02,-8.570057461092104234e-05,-3.345000000000000284e+01
9.656856329240707055e+03,6.804638476354361865e-02,-8.562477801155023648e-05,-3.345000000000000284e+01
9.622955255755390681e+03,6.579031146913855155e-02,-8.533850949219681965e-05,-3.345000000000000284e+01
9.606204925238145734e+03,6.415445892606809475e-02,-8.522331011054731526e-05,-3.345000000000000284e+01
9.556683693076323834e+03,6.338996814554924419e-02,-8.548941539855058015e-05,-3.345000000000000284e+01
9.603858714316198530e+03,6.824861807323971685e-02,-8.573677686797204537e-05,-3.345000000000000284e+01
9.640092203175110626e+03,6.735581541430607500e-02,-8.556678085086873327e-05,-3.345000000000000284e+01
9.615734427144374422e+03,6.481719337815361470e-02,-8.548315210228396880e-05,-3.345000000000000284e+01
9.581479212097872733e+03,6.694900016158228384e-02,-8.588610793260791684e-05,-3.345000000000000284e+01
9.636726292132634626e+03,6.750951108103350751e-02,-8.527790157291161314e-05,-3.345000000000000284e+01
9.560660387112686294e+03,6.801559043791767512e-02,-8.547513547922652851e-05,-3.345000000000000284e+01
9.611386854124257297e+03,6.681063941459670918e-02,-8.576209030064911609e-05,-3.345000000000000284e+01
9.679339491984012056e+03,6.718949194621413878e-02,-8.561612696126004245e-05,-3.345000000000000284e+01
9.659821106053472249e+03,6.385559773009376328e-02,-8.514090557725321475e-05,-3.345000000000000284e+01
9.574327122779490310e+03,6.936746558797519946e-02,-8.573848248308047751e-05,-3.345000000000000284e+01
9.662230818884505425e+03,6.489301318360762849e-02,-8.552378590956880185e-05,-3.345000000000000284e+01
9.625045867015593103e+03,6.602591913678393376e-02,-8.548404412438492870e-05,-3.345000000000000284e+01
9.683025883844900818e+03,6.250594722286352545e-02,-8.561519822226482774e-05,-3.345000000000000284e+01
9.704926760068821750e+03,7.197665412432589782e-02,-8.569504646348664835e-05,-3.345000000000000284e+01
9.659383079282068138e+03,6.749687143610583195e-02,-8.556441689729351132e-05,-3.345000000000000284e+01
9.654965145278223645e+03,6.650299604219409022e-02,-8.563763100481853964e-05,-3.345000000000000284e+01
9.623861567825915699e+03,6.577255219848901491e-02,-8.522724029119419843e-05,-3.345000000000000284e+01
9.620429151323925907e+03,6.600425273712516583e-02,-8.549026953248755256e-05,-3.345000000000000284e+01
9.644072946766265886e+03,6.612981063246212154e-02,-8.518313796990955938e-05,-3.345000000000000284e+01
9.639327045773639838e+03,6.572867082633292168e-02,-8.542221911234317456e-05,-3.345000000000000284e+01
9.633949423724990993e+03,6.578287419881896636e-02,-8.526608955087369463e-05,-3.345000000000000284e+01
9.665940257288486464e+03,6.344432387484867653e-02,-8.531513134159690581e-05,-3.345000000000000284e+01
9.656196770732809455e+03,6.631208334108450175e-02,-8.558280623757960896e-05,-3.345000000000000284e+01
9.666153444716888771e+03,6.693839825303152247e-02,-8.554602638009278239e-05,-3.345000000000000284e+01
9.682261419429461967e+03,6.757742278373349287e-02,-8.569159896982701460e-05,-3.345000000000000284e+01
9.642772036790327547e+03,6.492556960124393206e-02,-8.527781166062005250e-05,-3.345000000000000284e+01
9.607155641286779428e+03,6.686460568310700903e-02,-8.566508478552542992e-05,-3.345000000000000284e+01
9.606882862156349802e+03,6.698148196841674507e-02,-8.545170402926884881e-05,-3.345000000000000284e+01
9.619252950606720333e+03,6.498967486608663024e-02,-8.531468527517638355e-05,-3.345000000000000284e+01
9.642676610651891679e+03,6.337765358384112035e-02,-8.533950249422772312e-05,-3.345000000000000284e+01
9.599515372491581729e+03,6.070165698762038792e-02,-8.544194913268173452e-05,-3.345000000000000284e+01
9.665646938038355074e+03,6.799339271062641854e-02,-8.539746795676433075e-05,-3.345000000000000284e+01
9.632584632380909170e+03,6.739678903442905544e-02,-8.594828254985619040e-05,-3.345000000000000284e+01
9.656485375464244498e+03,6.244831416683082476e-02,-8.578621185763964845e-05,-3.345000000000000284e+01
9.626402779828116763e+03,6.703244559802780389e-02,-8.567935951926187229e-05,-3.345000000000000284e+01
9.606682756576288739e+03,6.865768856771813089e-02,-8.573409394861885257e-05,-3.345000000000000284e+01
9.617433317292368883e+03,7.007352581854978113e-02,-8.556107429737996460e-05,-3.345000000000000284e+01
9.638066428444157282e+03,6.918740058174685514e-02,-8.595862146147922119e-05,-3.345000000000000284e+01
9.661101686548052385e+03,6.471758002567666590e-02,-8.556103050579219051e-05,-3.345000000000000284e+01
9.595620914686129254e+03,6.448128922614687619e-02,-8.541541312075716169e-05,-3.345000000000000284e+01
9.610765748874695419e+03,6.073192313716674340e-02,-8.522855232703341159e-05,-3.345000000000000284e+01
9.605900367071817527e+03,6.797548258694602330e-02,-8.559755491670048154e-05,-3.345000000000000284e+01
9.577296228933393650e+03,6.654275773213096101e-02,-8.536488686609062094e-05,-3.345000000000000284e+01
9.591102686805834310e+03,6.716213975422691274e-02,-8.561136670159563374e-05,-3.345000000000000284e+01
9.605054474766528074e+03,6.662939879853027603e-02,-8.548859772450531343e-05,-3.345000000000000284e+01
9.677234951649492359e+03,6.711595101300404931e-02,-8.558039895410730295e-05,-3.345000000000000284e+01
9.682587439153347077e+03,6.760964550591762323e-02,-8.564380133092431137e-05,-3.345000000000000284e+01
9.600664711288276521e+03,6.781614172548791619e-02,-8.555115076667293083e-05,-3.345000000000000284e+01
9.561082002550861944e+03,6.728491411521440868e-02,-8.559841781401391237e-05,-3.345000000000000284e+01
9.618810085311324656e+03,6.517083605826759496e-02,-8.585852942362072373e-05,-3.345000000000000284e+01
9.566828661086990905e+03,6.734167371739645247e-02,-8.549035971697353028e-05,-3.345000000000000284e+01
9.623009756044824826e+03,6.339138045897008134e-02,-8.528501069460966131e-05,-3.345000000000000284e+01
9.592771809273139297e+03,6.723179660563853577e-02,-8.527936125710956197e-05,-3.345000000000000284e+01
9.574323494595093507e+03,6.727839888969383564e-02,-8.568472680537943210e-05,-3.345000000000000284e+01
9.613974133655354308e+03,7.191294655290060567e-02,-8.564502724591354407e-05,-3.345000000000000284e+01
9.619579054111623918e+03,6.513024144546848693e-02,-8.529709564835701225e-05,-3.345000000000000284e+01
9.629918980078522509e+03,6.876448957718453436e-02,-8.579820884746736315e-05,-3.345000000000000284e+01
9.638584180529180230e+03,6.725105407894321763e-02,-8.585099586887358488e-05,-3.345000000000000284e+01
9.619820295027713655e+03,6.518207643755727365e-02,-8.590610239929416330e-05,-3.345000000000000284e+01
9.579408784674178605e+03,7.070545054826449238e-02,-8.570757148428587646e-05,-3.345000000000000284e+01
9.620034759847692840e+03,7.152568414114304773e-02,-8.538651134363686539e-05,-3.345000000000000284e+01
9.548444639390889279e+03,6.481135102700907868e-02,-8.534425245837428916e-05,-3.345000000000000284e+01
9.592167953349484378e+03,6.313826136489168739e-02,-8.561446127603797979e-05,-3.345000000000000284e+01
9.582097906503970080e+03,6.599713627221127921e-02,-8.554263992883968395e-05,-3.345000000000000284e+01
9.644333285322021766e+03,6.544755723382386647e-02,-8.530289843695663065e-05,-3.345000000000000284e+01
9.621507299444427190e+03,6.539255881971078876e-02,-8.551257143207199342e-05,-3.345000000000000284e+01
9.647491461318608344e+03,6.659299096817561381e-02,-8.555895924048279077e-05,-3.345000000000000284e+01
9.549468584620710317e+03,6.350807612782964628e-02,-8.556216334934879588e-05,-3.345000000000000284e+01
9.608328156327181205e+03,6.201311556738494518e-02,-8.554172907755909418e-05,-3.345000000000000284e+01
9.645249793233582750e+03,6.666098929573281706e-02,-8.541188198875390833e-05,-3.345000000000000284e+01
9.621789473681306845e+03,6.468405127960698275e-02,-8.537268751064681026e-05,-3.345000000000000284e+01
9.613604410703796020e+03,6.145006594311625686e-02,-8.544921275870499648e-05,-3.345000000000000284e+01
9.594468936767250852e+03,6.486180850458336811e-02,-8.571850158754692334e-05,-3.345000000000000284e+01
9.658037183160293353e+03,6.752689960687832671e-02,-8.563924681774243012e-05,-3.345000000000000284e+01
9.645570306382081981e+03,6.552660359333226103e-02,-8.535046272467270714e-05,-3.345000000000000284e+01
9.648574224226667866e+03,6.447145350828963062e-02,-8.534087617958853781e-05,-3.345000000000000284e+01
9.600312683587098945e+03,6.464733075426724873e-02,-8.526669563665149236e-05,-3.345000000000000284e+01
9.646945459531607412e+03,6.756719154857536436e-02,-8.563523565857478301e-05,-3.345000000000000284e+01
9.611891488845354615e+03,6.261582752134860208e-02,-8.538901690127607893e-05,-3.345000000000000284e+01
9.697301790163452097e+03,6.591862111594963547e-02,-8.541037192656438621e-05,-3.345000000000000284e+01
9.694745159989401145e+03,6.829033910587611889e-02,-8.554102509435653769e-05,-3.345000000000000284e+01
9.646963508128306785e+03,6.464515445294166662e-02,-8.554768635844365796e-05,-3.345000000000000284e+01
9.610357891021591058e+03,6.235776463872446523e-02,-8.529834815680572158e-05,-3.345000000000000284e+01
9.627205782200226167e+03,6.361479565298927552e-02,-8.545330799662841494e-05,-3.345000000000000284e+01
9.576953848481229215e+03,6.488670314515379567e-02,-8.546828471953674079e-05,-3.345000000000000284e+01
9.607333502978121032e+03,6.719340910122829913e-02,-8.547024211232420081e-05,-3.345000000000000284e+01
9.584760874971912926e+03,6.620967453272523506e-02,-8.535011543372124430e-05,-3.345000000000000284e+01
9.619148655932100155e+03,6.785196433066439936e-02,-8.566106191335259683e-05,-3.345000000000000284e+01
9.578361750384347033e+03,6.460562044940972026e-02,-8.550936193196093430e-05,-3.345000000000000284e+01
9.580040900055864768e+03,6.321454103738900765e-02,-8.551824522560481348e-05,-3.345000000000000284e+01
9.607338206300097227e+03,6.695139763445108472e-02,-8.554864413681094882e-05,-3.345000000000000284e+01
9.587437296021495058e+03,6.372738878311634547e-02,-8.559506122224756395e-05,-3.345000000000000284e+01
9.585069402529430590e+03,6.472986409662193075e-02,-8.565428189532021410e-05,-3.345000000000000284e+01
9.575346736091032653e+03,6.336270616437437997e-02,-8.539413553143340957e-05,-3.345000000000000284e+01
9.608145962095655705e+03,7.089998840391638357e-02,-8.576881598681560177e-05,-3.345000000000000284e+01
9.659894267097863121e+03,6.546731695608883073e-02,-8.534622811595954513e-05,-3.345000000000000284e+01
9.577304944561890807e+03,6.380254624406257735e-02,-8.528683537424807087e-05,-3.345000000000000284e+01
9.665245132663369077e+03,6.949220140838667514e-02,-8.568479467778691481e-05,-3.345000000000000284e+01
9.596945318348300134e+03,6.223659363377151421e-02,-8.515388784103535339e-05,-3.345000000000000284e+01
9.624511815273310276e+03,6.350961410787156480e-02,-8.537409967863902665e-05,-3.345000000000000284e+01
9.620068477134265777e+03,6.587104510821284453e-02,-8.578584676612551244e-05,-3.345000000000000284e+01
9.547973221773421756e+03,6.412306636254690162e-02,-8.533224331947378391e-05,-3.345000000000000284e+01
9.636634745241346536e+03,6.277186315468531730e-02,-8.586978323516987770e-05,-3.345000000000000284e+01
9.640600553785963712e+03,6.412724938972415301e-02,-8.577033064503689032e-05,-3.345000000000000284e+01
9.574595734149057535e+03,6.534897986319739005e-02,-8.562632238342823105e-05,-3.345000000000000284e+01
9.593204722372409378e+03,6.741221824162704768e-02,-8.538855637182300555e-05,-3.345000000000000284e+01
9.618588403968500643e+03,6.232122244084892931e-02,-8.557169932267528686e-05,-3.345000000000000284e+01
9.580072256395702425e+03,6.796188082365114957e-02,-8.528414317625091705e-05,-3.345000000000000284e+01
9.594790302112898644e+03,6.495218736697097595e-02,-8.524791520390329557e-05,-3.345000000000000284e+01
9.612885854859841857e+03,6.572643810280008603e-02,-8.539379866131626752e-05,-3.345000000000000284e+01
9.594880538061301195e+03,6.282828853711754091e-02,-8.566877477308312643e-05,-3.345000000000000284e+01
9.659339055292164630e+03,6.132787030844073783e-02,-8.567961476729451620e-05,-3.345000000000000284e+01
9.644909968003918038e+03,6.496206070195667537e-02,-8.532543383013490245e-05,-3.345000000000000284e+01
9.605020849993867159e+03,6.341434269843267135e-02,-8.525550499578274919e-05,-3.345000000000000284e+01
9.626418848101546246e+03,6.560596767873053126e-02,-8.587610340065621737e-05,-3.345000000000000284e+01
9.587515021247170807e+03,6.825616009086940550e-02,-8.562132428467883428e-05,-3.345000000000000284e+01
9.591519814544175460e+03,6.724642369618621940e-02,-8.560977207088255449e-05,-3.345000000000000284e+01
9.607781276563700885e+03,6.503708551300009522e-02,-8.534931143987859175e-05,-3.345000000000000284e+01
9.624988794880189744e+03,6.644839024617077428e-02,-8.553140466487617073e-05,-3.345000000000000284e+01
9.630931705459221121e+03,6.552032190786753751e-02,-8.544721076534260776e-05,-3.345000000000000284e+01
9.638018237326765302e+03,6.391338662077790389e-02,-8.553068187866422602e-05,-3.345000000000000284e+01
9.596415997709835210e+03,6.437447024260510575e-02,-8.559806173004992104e-05,-3.345000000000000284e+01
9.600539554443914312e+03,6.855762643657994926e-02,-8.537977776455022978e-05,-3.345000000000000284e+01
9.606446607064997806e+03,6.585382802791207857e-02,-8.547962579812100499e-05,-3.345000000000000284e+01
9.624673716560258981e+03,6.443785778883624749e-02,-8.568956039364922206e-05,-3.345000000000000284e+01
9.649986598677467555e+03,6.569328966516069235e-02,-8.578673722889486970e-05,-3.345000000000000284e+01
9.650054400592591264e+03,6.806396081877073845e-02,-8.572349168945226131e-05,-3.345000000000000284e+01
9.684776883968628681e+03,6.993024867426453350e-02,-8.553726805189145171e-05,-3.345000000000000284e+01
9.603905775075412748e+03,6.271037173441147694e-02,-8.557320215607054496e-05,-3.345000000000000284e+01
9.588973386997318812e+03,6.686847487407525381e-02,-8.553458363681420919e-05,-3.345000000000000284e+01
9.642386496682267534e+03,6.123961936309572918e-02,-8.556621946974600663e-05,-3.345000000000000284e+01
9.622689953639135638e+03,6.094500376869370351e-02,-8.545507265803350776e-05,-3.345000000000000284e+01
9.627847391468629212e+03,6.604563182194327087e-02,-8.560127711557091029e-05,-3.345000000000000284e+01
9.622950110989784662e+03,6.574191278557414697e-02,-8.551414513183097275e-05,-3.345000000000000284e+01
9.544314669840014176e+03,6.634729110443475519e-02,-8.551941032218057619e-05,-3.345000000000000284e+01
9.661113117528026123e+03,6.537482686794986175e-02,-8.568959553548619935e-05,-3.345000000000000284e+01
9.569072967049523868e+03,6.612787433233989487e-02,-8.557526287766155338e-05,-3.345000000000000284e+01
9.599068889382002453e+03,6.335142650954378452e-02,-8.582923395663621718e-05,-3.345000000000000284e+01
9.655712474709742310e+03,6.587656208987405226e-02,-8.580317936994620142e-05,-3.345000000000000284e+01
9.620650127239452559e+03,6.479059098321138244e-02,-8.566806703461007488e-05,-3.345000000000000284e+01
9.589255510302544280e+03,6.638953780660546145e-02,-8.526147873242677041e-05,-3.345000000000000284e+01
9.601732543495274513e+03,6.890977888250712780e-02,-8.576851355033718002e-05,-3.345000000000000284e+01
9.586988722035010142e+03,6.824228231656730148e-02,-8.570056937798609380e-05,-3.345000000000000284e+01
9.658545410639706461e+03,6.738219138349715864e-02,-8.580442883386782372e-05,-3.345000000000000284e+01
9.601354188140023325e+03,6.323305001436001216e-02,-8.522833344159397491e-05,-3.345000000000000284e+01
9.580186801969197404e+03,6.178633638715957943e-02,-8.551673685277466424e-05,-3.345000000000000284e+01
9.603730752380492049e+03,6.813004408851915106e-02,-8.585745111980594110e-05,-3.345000000000000284e+01
9.577017452263113228e+03,6.672472417746760920e-02,-8.559600922030180721e-05,-3.345000000000000284e+01
9.618138298255662448e+03,6.458425475207174582e-02,-8.545940589707850393e-05,-3.345000000000000284e+01
9.678566231033733857e+03,7.067107347283821395e-02,-8.545917500477141272e-05,-3.345000000000000284e+01
9.605064045026851090e+03,6.728869412019697349e-02,-8.567948202860251636e-05,-3.345000000000000284e+01
9.565520752524027557e+03,6.362407921439051928e-02,-8.523981406319736023e-05,-3.345000000000000284e+01
9.593031838477354540e+03,6.619188915041246402e-02,-8.571163296547756427e-05,-3.345000000000000284e+01
9.639252496910819900e+03,6.480430376261950287e-02,-8.532729090670655193e-05,-3.345000000000000284e+01
9.587473994971634966e+03,6.452650045594436612e-02,-8.568884365585579795e-05,-3.345000000000000284e+01
9.649936926219488669e+03,6.441896720015197197e-02,-8.531624324328852913e-05,-3.345000000000000284e+01
9.635948587231529018e+03,6.374606450132967728e-02,-8.519577752464177088e-05,-3.345000000000000284e+01
9.634749965187611451e+03,6.398010387883656946e-02,-8.540631478669513882e-05,-3.345000000000000284e+01
9.612134219649045917e+03,6.752240210705991175e-02,-8.548408004035202852e-05,-3.345000000000000284e+01
9.549867733412940652e+03,6.828438055066997359e-02,-8.541074381196840865e-05,-3.345000000000000284e+01
9.586721968273323000e+03,7.017509084530219876e-02,-8.514860015659922758e-05,-3.345000000000000284e+01
9.651531642528070734e+03,6.682265807382532785e-02,-8.521061498068904609e-05,-3.345000000000000284e+01
9.611679394987026171e+03,6.698484887111151587e-02,-8.568288613445645919e-05,-3.345000000000000284e+01
9.633386497054363645e+03,6.655902856532031064e-02,-8.556730289009884189e-05,-3.345000000000000284e+01
9.636899464653050018e+03,6.617016753687039732e-02,-8.549424491784462295e-05,-3.345000000000000284e+01
9.688001134160889706e+03,6.407688037186136387e-02,-8.595517053747047016e-05,-3.345000000000000284e+01
9.608263829590829118e+03,6.695614235257102420e-02,-8.554703111703083993e-05,-3.345000000000000284e+01
9.589079626969089077e+03,6.607289406082821059e-02,-8.577610885768317578e-05,-3.345000000000000284e+01
9.656434241556511552e+03,6.755130141296972202e-02,-8.531086465090458070e-05,-3.345000000000000284e+01
9.582830417194179972e+03,6.474281131916508059e-02,-8.519355764080447290e-05,-3.345000000000000284e+01
9.627926178684219849e+03,6.621095274264984787e-02,-8.547376726773181163e-05,-3.345000000000000284e+01
9.630898937634648973e+03,6.431788627882109588e-02,-8.533336387415349619e-05,-3.345000000000000284e+01
9.634730478464834960e+03,6.559130671315875627e-02,-8.558685829890466310e-05,-3.345000000000000284e+01
9.634770328634076577e+03,6.919214811876124582e-02,-8.609743316302992584e-05,-3.345000000000000284e+01
9.602683864879472821e+03,6.383720007151739984e-02,-8.537054323812689040e-05,-3.345000000000000284e+01
9.630022284338307145e+03,6.707360544021080673e-02,-8.523209633962310072e-05,-3.345000000000000284e+01
9.648586516272069275e+03,6.708714781768208846e-02,-8.531207108758708272e-05,-3.345000000000000284e+01
9.560974599341225257e+03,6.584660130941275002e-02,-8.521800633832073363e-05,-3.345000000000000284e+01
9.626792457228926651e+03,6.648993648092767217e-02,-8.505325282352501454e-05,-3.345000000000000284e+01
9.577642467952739025e+03,6.515282005327556469e-02,-8.533222662769119780e-05,-3.345000000000000284e+01
9.595651794229346706e+03,6.324914424299914184e-02,-8.536966407435118845e-05,-3.345000000000000284e+01
9.636921701675131771e+03,6.663802102724379617e-02,-8.580901178926065307e-05,-3.345000000000000284e+01
9.642056952179114887e+03,6.720349177388758311e-02,-8.595723789141376586e-05,-3.345000000000000284e+01
9.573782936001856797e+03,6.683192908686741429e-02,-8.542832814658734555e-05,-3.345000000000000284e+01
9.647938495801907266e+03,6.270840640993152748e-02,-8.541094411146582868e-05,-3.345000000000000284e+01
9.625557217080357077e+03,6.698917317932984172e-02,-8.585495953293895274e-05,-3.345000000000000284e+01
9.654730269258712724e+03,6.891395085166895917e-02,-8.553511918879571469e-05,-3.345000000000000284e+01
9.606984364572688719e+03,6.556115322552141800e-02,-8.547764630072285483e-05,-3.345000000000000284e+01
9.645743253285885658e+03,6.810719230911081723e-02,-8.533061488203108570e-05,-3.345000000000000284e+01
9.666299926366196814e+03,6.546593543289556949e-02,-8.517297411273279547e-05,-3.345000000000000284e+01
9.638962470016671432e+03,6.763058307209050823e-02,-8.525563402460389179e-05,-3.345000000000000284e+01
9.597885783740333864e+03,6.681158009170652667e-02,-8.595716757944403194e-05,-3.345000000000000284e+01
9.594972495437696125e+03,6.570809615050587915e-02,-8.578374352322381277e-05,-3.345000000000000284e+01
9.581095060794526944e+03,6.528355260094399759e-02,-8.550052231955272632e-05,-3.345000000000000284e+01
9.549175312375680733e+03,6.526848562875098292e-02,-8.548050264802930685e-05,-3.345000000000000284e+01
9.605826244111362030e+03,6.721294310898093260e-02,-8.567954024660019978e-05,-3.345000000000000284e+01
9.587469758221945085e+03,6.517574591004711426e-02,-8.551173654431959599e-05,-3.345000000000000284e+01
9.628879009107975435e+03,6.807308256423040549e-02,-8.562045393451981181e-05,-3.345000000000000284e+01
9.609023187183616756e+03,6.596099329539978351e-02,-8.554824154643494126e-05,-3.345000000000000284e+01
9.589893922863990156e+03,6.381128336142313784e-02,-8.545161186307385763e-05,-3.345000000000000284e+01
9.588525476721359155e+03,6.408118476716162526e-02,-8.563401193140794264e-05,-3.345000000000000284e+01
9.559650860907386232e+03,6.744261226045443480e-02,-8.558436884481086728e-05,-3.345000000000000284e+01
9.607017298577760812e+03,6.934816514207045590e-02,-8.596216840767226242e-05,-3.345000000000000284e+01
9.563005295621858750e+03,6.264208266412435444e-02,-8.566353585340415265e-05,-3.345000000000000284e+01
9.625057914104876545e+03,6.842403256221667174e-02,-8.571210367880308686e-05,-3.345000000000000284e+01
9.587253801835729973e+03,6.479265838932934951e-02,-8.529080514091877114e-05,-3.345000000000000284e+01
9.633527667835574903e+03,6.638028985236893442e-02,-8.526289993540745599e-05,-3.345000000000000284e+01
9.572090030210749319e+03,6.809571738902824023e-02,-8.562158126037049610e-05,-3.345000000000000284e+01
9.637663091652284493e+03,6.465133367474609760e-02,-8.538011266629565784e-05,-3.345000000000000284e+01
9.628446409436350223e+03,6.813508410526909753e-02,-8.582361357656068872e-05,-3.345000000000000284e+01
9.700119796985291032e+03,6.645801847894743097e-02,-8.552703983077650414e-05,-3.345000000000000284e+01
9.636534741348497846e+03,6.735510886074078107e-02,-8.533932403893896884e-05,-3.345000000000000284e+01
9.636547812345466809e+03,6.484722847128036871e-02,-8.582096420073566693e-05,-3.345000000000000284e+01
9.620389254613524827e+03,6.579891821062802681e-02,-8.530012034850217341e-05,-3.345000000000000284e+01
9.604138580993823780e+03,6.359129409184936799e-02,-8.545441067317771395e-05,-3.345000000000000284e+01
9.669613871653680690e+03,6.617452906685691860e-02,-8.549058331918673215e-05,-3.345000000000000284e+01
9.583165722771367655e+03,6.342829071822388143e-02,-8.499647060403928264e-05,-3.345000000000000284e+01
9.566209745389793170e+03,6.631913588152794914e-02,-8.534009271937404134e-05,-3.345000000000000284e+01
9.634144442146218353e+03,6.127073774890176572e-02,-8.495874937270372364e-05,-3.345000000000000284e+01
9.592779327522028325e+03,6.469209144553222934e-02,-8.552111556227883187e-05,-3.345000000000000284e+01
9.608927904585780198e+03,6.161371170894489740e-02,-8.554173351168627257e-05,-3.345000000000000284e+01
9.612999809531103892e+03,6.578750014155465564e-02,-8.561042777960774567e-05,-3.345000000000000284e+01
9.630853581344410486e+03,6.622170715322284185e-02,-8.517262579517956896e-05,-3.345000000000000284e+01
9.610099126161836466e+03,6.708182449150700000e-02,-8.561082318948572221e-05,-3.345000000000000284e+01
9.623301846160227797e+03,6.664002699421560372e-02,-8.565440087005347762e-05,-3.345000000000000284e+01
9.609556104355360731e+03,6.608445614901888032e-02,-8.524216044919979236e-05,-3.345000000000000284e+01
9.586404391186841167e+03,6.710822769880935013e-02,-8.558954468703178936e-05,-3.345000000000000284e+01
9.604615350163519906e+03,6.382891119205212627e-02,-8.600698501103403121e-05,-3.345000000000000284e+01
9.616853027332626880e+03,6.643487864888356076e-02,-8.578596966566688631e-05,-3.345000000000000284e+01
9.616502966606465634e+03,6.870701034724575884e-02,-8.558200116208008405e-05,-3.345000000000000284e+01
9.621601135027885903e+03,6.560054586616829997e-02,-8.542310794483380188e-05,-3.345000000000000284e+01
9.590121394318999592e+03,6.413321733512823697e-02,-8.551537774571050859e-05,-3.345000000000000284e+01
9.674048573511523500e+03,6.758547615101102857e-02,-8.565530341501216918e-05,-3.345000000000000284e+01
9.589873518678297842e+03,6.495531994224854055e-02,-8.567713835317440293e-05,-3.345000000000000284e+01
9.602920231672833324e+03,6.461575399083657745e-02,-8.514803619592724228e-05,-3.345000000000000284e+01
9.626651827435565792e+03,6.715373403630212068e-02,-8.546602627440544656e-05,-3.345000000000000284e+01
9.599746291108242076e+03,6.556113706481646319e-02,-8.541346428836661339e-05,-3.345000000000000284e+01
9.613884159934332274e+03,6.465919030456868111e-02,-8.570342126725057801e-05,-3.345000000000000284e+01
9.637826504431930516e+03,6.601218065047048666e-02,-8.571731457575596685e-05,-3.345000000000000284e+01
9.674136513661120262e+03,6.692309177614312599e-02,-8.550676527976106087e-05,-3.345000000000000284e+01
9.636099173991484349e+03,6.823719058667920834e-02,-8.579759987582570851e-05,-3.345000000000000284e+01
9.643644642848301373e+03,6.879375384902605695e-02,-8.543058672983679439e-05,-3.345000000000000284e+01
9.625062825427408825e+03,6.346964830737791829e-02,-8.526652273713159575e-05,-3.345000000000000284e+01
9.659752531978037950e+03,6.471137941947471828e-02,-8.553032716476301645e-05,-3.345000000000000284e+01
9.600876231862719578e+03,6.459247671253547096e-02,-8.590475130378472481e-05,-3.345000000000000284e+01
9.604298488346135855e+03,6.575678276134613864e-02,-8.538694651330486609e-05,-3.345000000000000284e+01
9.605471756087785252e+03,6.790554375497039052e-02,-8.559981648568051676e-05,-3.345000000000000284e+01
9.642116933094441265e+03,6.595770556583024913e-02,-8.549961692703911991e-05,-3.345000000000000284e+01
9.563987588668798708e+03,6.968416998865535616e-02,-8.575608661343235193e-05,-3.345000000000000284e+01
9.625315535284611542e+03,6.656658973696742698e-02,-8.530598443547646604e-05,-3.345000000000000284e+01
9.656212762928029406e+03,6.619502847893503350e-02,-8.580811085659026730e-05,-3.345000000000000284e+01
9.572091483704462007e+03,6.362333963774154111e-02,-8.561144842671567260e-05,-3.345000000000000284e+01
9.655252300303129232e+03,6.802058030894195251e-02,-8.557268794812900536e-05,-3.345000000000000284e+01
9.628292537457997241e+03,6.461266923247994953e-02,-8.552596996340251713e-05,-3.345000000000000284e+01
9.620932576163577323e+03,6.735144407877977080e-02,-8.545115831010217499e-05,-3.345000000000000284e+01
9.590902105935547297e+03,6.781653440582778580e-02,-8.546108354242966138e-05,-3.345000000000000284e+01
9.581164772408743374e+03,6.696781215241159879e-02,-8.510774857111913700e-05,-3.345000000000000284e+01
9.660253659627345769e+03,6.541996700717031543e-02,-8.520261688278018403e-05,-3.345000000000000284e+01
9.623174756891174184e+03,6.670395756561336986e-02,-8.598740888158740354e-05,-3.345000000000000284e+01
9.630881731293166013e+03,6.342183726260304522e-02,-8.566185295793135514e-05,-3.345000000000000284e+01
9.637890125545503906e+03,6.784617639308564152e-02,-8.543934595355210759e-05,-3.345000000000000284e+01
9.631555418887399355e+03,6.690177739024613657e-02,-8.553441232054018965e-05,-3.345000000000000284e+01
9.696871956762450282e+03,6.646435467912854833e-02,-8.560480881544787395e-05,-3.345000000000000284e+01
9.630835514207441520e+03,6.876792082991954602e-02,-8.537768951227917447e-05,-3.345000000000000284e+01
9.637104894780170071e+03,6.632578287485496604e-02,-8.572913665408850889e-05,-3.345000000000000284e+01
9.572669352892220559e+03,6.633674705971774610e-02,-8.568521767628833441e-05,-3.345000000000000284e+01
9.587056982942378454e+03,6.510768119262946851e-02,-8.532080930369826527e-05,-3.345000000000000284e+01
9.608889745965423572e+03,6.713678743298331919e-02,-8.515958665890946942e-05,-3.345000000000000284e+01
9.650116101951076416e+03,6.467626963860287348e-02,-8.526380788084518883e-05,-3.345000000000000284e+01
9.626442092761612003e+03,6.779475233022713709e-02,-8.595869293005920376e-05,-3.345000000000000284e+01
9.609092141468847331e+03,6.676478589170802003e-02,-8.557945044638794142e-05,-3.345000000000000284e+01
9.622741301654783456e+03,6.613553610878754319e-02,-8.561421348984542810e-05,-3.345000000000000284e+01
9.653523598841476996e+03,6.513041237033931341e-02,-8.528020873757771573e-05,-3.345000000000000284e+01
9.601047884327141219e+03,6.749976028619028567e-02,-8.580690942463596452e-05,-3.345000000000000284e+01
9.665579104736558293e+03,6.584260161278229773e-02,-8.540425250311533796e-05,-3.345000000000000284e+01
9.578973422103788835e+03,6.364027357825986775e-02,-8.552968849174163264e-05,-3.345000000000000284e+01
9.580528360882623019e+03,6.794899235472010024e-02,-8.568674044935084653e-05,-3.345000000000000284e+01
9.623450003265023042e+03,6.633714452992282851e-02,-8.561639325733492816e-05,-3.345000000000000284e+01
9.611765955423470587e+03,6.465048728952885182e-02,-8.557092646082959839e-05,-3.345000000000000284e+01
9.634047776776045794e+03,6.368307713924692415e-02,-8.562705815527196492e-05,-3.345000000000000284e+01
9.612226198316595401e+03,6.341636711219184042e-02,-8.534404588085589224e-05,-3.345000000000000284e+01
9.697737223643282050e+03,6.750579718400369356e-02,-8.549702577290446573e-05,-3.345000000000000284e+01
9.588794140546749986e+03,6.535555247606959772e-02,-8.561197562651295880e-05,-3.345000000000000284e+01
9.666567468403440216e+03,6.447192313407733300e-02,-8.529686326377040873e-05,-3.345000000000000284e+01
9.618317830383772161e+03,6.599087393612500241e-02,-8.532951353224154723e-05,-3.345000000000000284e+01
9.613987474580233538e+03,6.298935236798794413e-02,-8.546681848732108936e-05,-3.345000000000000284e+01
9.621816481043411841e+03,6.563217443410884755e-02,-8.541000487069904247e-05,-3.345000000000000284e+01
9.631903800811302062e+03,6.588983837462512871e-02,-8.524013107009045386e-05,-3.345000000000000284e+01
9.680750258410438619e+03,6.533271008807478575e-02,-8.537366806200351441e-05,-3.345000000000000284e+01
9.581391315238772222e+03,6.757232592768362689e-02,-8.612273312261659606e-05,-3.345000000000000284e+01
9.569165245184038213e+03,6.312006750815253586e-02,-8.572583718945954521e-05,-3.345000000000000284e+01
9.628844813077377694e+03,6.634467889292422482e-02,-8.573360955108735350e-05,-3.345000000000000284e+01
9.501172821492576986e+03,6.498576314929668807e-02,-8.571819696148944424e-05,-3.345000000000000284e+01
9.611861456341372104e+03,6.537076397240920711e-02,-8.562427154080327603e-05,-3.345000000000000284e+01
9.624037652657036233e+03,7.090925056615013378e-02,-8.553097484631431134e-05,-3.345000000000000284e+01
9.596990459739969083e+03,6.160748194578022363e-02,-8.572145726574812179e-05,-3.345000000000000284e+01
9.610657431608573461e+03,6.624825100032798175e-02,-8.546694424285621147e-05,-3.345000000000000284e+01
9.647912853483630897e+03,6.668762341229976520e-02,-8.516642395309068244e-05,-3.345000000000000284e+01
9.627810763888868678e+03,6.580738849039911853e-02,-8.556798864384570656e-05,-3.345000000000000284e+01
9.614456304960674970e+03,6.589797724940343882e-02,-8.544725353456835012e-05,-3.345000000000000284e+01
9.617078109747068083e+03,6.418976344674583168e-02,-8.545160687783981673e-05,-3.345000000000000284e+01
9.612519430803758951e+03,6.326437506124707455e-02,-8.567612534498108266e-05,-3.345000000000000284e+01
9.658849584665718794e+03,6.582322164348487770e-02,-8.575930765813626164e-05,-3.345000000000000284e+01
9.633591730439351522e+03,6.587228393776997648e-02,-8.559280925210360476e-05,-3.345000000000000284e+01
9.591032302971338140e+03,6.518311766883140568e-02,-8.555796694627072773e-05,-3.345000000000000284e+01
9.560564845844806769e+03,6.914136485122422682e-02,-8.529008274388738976e-05,-3.345000000000000284e+01
9.620066200257651872e+03,6.207606168653408141e-02,-8.542928422077663219e-05,-3.345000000000000284e+01
9.692342418965408797e+03,6.351950612120749184e-02,-8.548580925746064347e-05,-3.345000000000000284e+01
9.578744061496647191e+03,6.417254204776741411e-02,-8.548097864488790772e-05,-3.345000000000000284e+01
9.611190937450841375e+03,6.941032993483858826e-02,-8.555544484253973343e-05,-3.345000000000000284e+01
9.635309167969649934e+03,6.892962717022882435e-02,-8.525987815350762500e-05,-3.345000000000000284e+01
9.636464802101061650e+03,7.112547479794303906e-02,-8.550724202390413888e-05,-3.345000000000000284e+01
9.620303670259583669e+03,6.636014779854496060e-02,-8.525435512033122001e-05,-3.345000000000000284e+01
9.633524497192736817e+03,6.531386760108012779e-02,-8.539706269221300245e-05,-3.345000000000000284e+01
9.631228600577780526e+03,6.502536232829732310e-02,-8.558113465094067214e-05,-3.345000000000000284e+01
9.632191986797935897e+03,6.613053210518450575e-02,-8.544768399154936374e-05,-3.345000000000000284e+01
9.642604853366858151e+03,6.545702971676564674e-02,-8.560086683971880009e-05,-3.345000000000000284e+01
9.592321398825939468e+03,6.496469294224198332e-02,-8.553705277939080702e-05,-3.345000000000000284e+01
9.675443113072326014e+03,6.623216293859836290e-02,-8.556909970384319740e-05,-3.345000000000000284e+01
9.653031445175020053e+03,6.538796775198778277e-02,-8.542402221321226800e-05,-3.345000000000000284e+01
9.597723855606485813e+03,6.569720357690088386e-02,-8.535054664130119532e-05,-3.345000000000000284e+01
9.660887713233443719e+03,6.516606713939901430e-02,-8.584592550574254854e-05,-3.345000000000000284e+01
9.581500377065092835e+03,6.354510527556352095e-02,-8.526727157775664337e-05,-3.345000000000000284e+01
9.602695347293800296e+03,6.728551473980649844e-02,-8.540910166199312261e-05,-3.345000000000000284e+01
9.653864365152994651e+03,6.364054120916455559e-02,-8.583444903333029930e-05,-3.345000000000000284e+01
9.678661895502144034e+03,6.575128240341018837e-02,-8.519374990040937004e-05,-3.345000000000000284e+01
9.595348671939003907e+03,6.710819635743460465e-02,-8.559421709390887016e-05,-3.345000000000000284e+01
9.630601016729715411e+03,6.666314340585872966e-02,-8.537117738190670908e-05,-3.345000000000000284e+01
9.703920874681747591e+03,6.319837777174457105e-02,-8.529217693655612783e-05,-3.345000000000000284e+01
9.609005738202298744e+03,6.665954483550604048e-02,-8.563288393582859509e-05,-3.345000000000000284e+01
9.618925096182339985e+03,6.414062980253835977e-02,-8.552875197678604102e-05,-3.345000000000000284e+01
9.613012542235848741e+03,6.618187409192470561e-02,-8.584295799904688093e-05,-3.345000000000000284e+01
9.604796393515958698e+03,6.637807804645971810e-02,-8.585806944082448636e-05,-3.345000000000000284e+01
9.608719258565914060e+03,6.750519858517255167e-02,-8.564762185768141228e-05,-3.345000000000000284e+01
9.603464863390670871e+03,6.786033734195144607e-02,-8.552618667390919388e-05,-3.345000000000000284e+01
9.640272451065024143e+03,6.621143351221384088e-02,-8.563451697301149195e-05,-3.345000000000000284e+01
9.631694295086128477e+03,6.574479086327013333e-02,-8.548324109228909874e-05,-3.345000000000000284e+01
9.636354117889144618e+03,6.324671398491420182e-02,-8.544630058307743886e-05,-3.345000000000000284e+01
9.651179104607548652e+03,6.899327308992185548e-02,-8.536782985658111474e-05,-3.345000000000000284e+01
9.621780186931469871e+03,7.054195012700723022e-02,-8.572989945325272857e-05,-3.345000000000000284e+01
9.610030285710852695e+03,6.723323665185659825e-02,-8.546595653601364096e-05,-3.345000000000000284e+01
9.637930160899129987e+03,6.316504819982529662e-02,-8.545042762666101369e-05,-3.345000000000000284e+01
9.621145528042166916e+03,6.795209944740106256e-02,-8.545856480815286461e-05,-3.345000000000000284e+01
9.608806855510771129e+03,6.503183855491199983e-02,-8.550086543772752231e-05,-3.345000000000000284e+01
9.561229804651578888e+03,6.748282129976082566e-02,-8.571286288233106662e-05,-3.345000000000000284e+01
9.626363198718088825e+03,6.682927158570957371e-02,-8.529060269563838303e-05,-3.345000000000000284e+01
9.615768277080987900e+03,6.517410675103911533e-02,-8.586770246631938964e-05,-3.345000000000000284e+01
9.596769969382436102e+03,6.229181277759245766e-02,-8.514371919268142309e-05,-3.345000000000000284e+01
9.654706752743655670e+03,6.333928373997774197e-02,-8.569076903916855660e-05,-3.345000000000000284e+01
9.617363569631541395e+03,6.736185405911750135e-02,-8.538757992092161470e-05,-3.345000000000000284e+01
9.618927924130823158e+03,6.676435545248599057e-02,-8.556046947870791770e-05,-3.345000000000000284e+01
9.557665302512739800e+03,6.367552697651580884e-02,-8.526266368634589606e-05,-3.345000000000000284e+01
9.662219514096519561e+03,6.566458923603774034e-02,-8.583720529282983956e-05,-3.345000000000000284e+01
9.597367188634574632e+03,6.629335542077068044e-02,-8.572089574197032879e-05,-3.345000000000000284e+01
9.580418981874667224e+03,6.817247593295884533e-02,-8.518734306231719752e-05,-3.345000000000000284e+01
9.631303573161581880e+03,6.467670125162755523e-02,-8.556904770638886794e-05,-3.345000000000000284e+01
9.566650031999681232e+03,6.240086375832973320e-02,-8.524970898103029324e-05,-3.345000000000000284e+01
9.609662469848866749e+03,6.541814389514977179e-02,-8.545439040822339430e-05,-3.345000000000000284e+01
9.574430925289037987e+03,6.605308709523720345e-02,-8.544443695434583816e-05,-3.345000000000000284e+01
9.592511585875841774e+03,6.654916202091232247e-02,-8.510641636860068421e-05,-3.345000000000000284e+01
9.635395814446519580e+03,6.807015672586554100e-02,-8.537739870356590970e-05,-3.345000000000000284e+01
9.609272754012426958e+03,6.625320201700458933e-02,-8.523451899835704461e-05,-3.345000000000000284e+01
9.644401756244900753e+03,6.970750048260315745e-02,-8.601333966213011903e-05,-3.345000000000000284e+01
9.615581001187250877e+03,6.838547902953014124e-02,-8.584919663330857790e-05,-3.345000000000000284e+01
9.586430199252645252e+03,6.200942416523486794e-02,-8.554750116076570465e-05,-3.345000000000000284e+01
9.611114054611884058e+03,6.703925809227107013e-02,-8.589364300852240304e-05,-3.345000000000000284e+01
9.588862060136054424e+03,6.618689825419586670e-02,-8.572704982772437216e-05,-3.345000000000000284e+01
9.613883137412160067e+03,6.518257470157051703e-02,-8.519639117691272276e-05,-3.345000000000000284e+01
9.586039034438663293e+03,6.546211443101772331e-02,-8.514341096687958073e-05,-3.345000000000000284e+01
9.574494340913299311e+03,6.430183273031443714e-02,-8.553132259790642794e-05,-3.345000000000000284e+01
9.533175503531341747e+03,6.797442567907328870e-02,-8.555088137688786126e-05,-3.345000000000000284e+01
9.644274126798703946e+03,6.274458316538522595e-02,-8.546071718942592824e-05,-3.345000000000000284e+01
9.607748597345398593e+03,6.529045966137990431e-02,-8.554168578287425393e-05,-3.345000000000000284e+01
9.637319760432417752e+03,6.660392090424012423e-02,-8.560254341684334143e-05,-3.345000000000000284e+01
9.670813596535608667e+03,6.616964121206955762e-02,-8.583882187343110136e-05,-3.345000000000000284e+01
9.579784647071914151e+03,6.560628312621284708e-02,-8.538022350331412192e-05,-3.345000000000000284e+01
9.597200573697957225e+03,6.417236024337368006e-02,-8.556188687220398804e-05,-3.345000000000000284e+01
9.611101659083104096e+03,6.716000607990885163e-02,-8.520072081083869444e-05,-3.345000000000000284e+01
9.583907353067257645e+03,6.579838101938290107e-02,-8.542339787789496319e-05,-3.345000000000000284e+01
9.563854340080884867e+03,6.328992414202824768e-02,-8.566345317106970351e-05,-3.345000000000000284e+01
9.589124750330713141e+03,6.717348870828550311e-02,-8.553541521137010128e-05,-3.345000000000000284e+01
9.595483052980338471e+03,6.683150590263871316e-02,-8.573171859305026747e-05,-3.345000000000000284e+01
9.607644414570922891e+03,6.642414534777828228e-02,-8.558425821718997951e-05,-3.345000000000000284e+01
9.607363091466948390e+03,6.248843169192379310e-02,-8.524510338861968821e-05,-3.345000000000000284e+01
9.606411143269357126e+03,6.854082328392675783e-02,-8.541177603378169534e-05,-3.345000000000000284e+01
9.627602241263788528e+03,6.665255736894018512e-02,-8.537592288567936462e-05,-3.345000000000000284e+01
9.678295752984744468e+03,6.401302459265327538e-02,-8.554277323245729930e-05,-3.345000000000000284e+01
9.571301683322133613e+03,6.976684018551621014e-02,-8.544040102286390491e-05,-3.345000000000000284e+01
9.544037289292591595e+03,6.672426743068503308e-02,-8.534230331143016833e-05,-3.345000000000000284e+01
9.636608870774238312e+03,6.557363408481589606e-02,-8.564007950456115124e-05,-3.345000000000000284e+01
9.616173584642521746e+03,6.846196687368782952e-02,-8.557951066092084553e-05,-3.345000000000000284e+01
9.600803783064742674e+03,7.092964528733815277e-02,-8.568346445924024607e-05,-3.345000000000000284e+01
9.594667932662787280e+03,6.576725289906083793e-02,-8.540608328709983429e-05,-3.345000000000000284e+01
9.609148629747618543e+03,6.875621804763196177e-02,-8.529047578079696737e-05,-3.345000000000000284e+01
9.584632172411178544e+03,6.443586309475655971e-02,-8.558531776130595746e-05,-3.345000000000000284e+01
9.598589861163171008e+03,6.551362576662719817e-02,-8.568561877287614878e-05,-3.345000000000000284e+01
9.607627350050523091e+03,7.121059753875699783e-02,-8.540591129377941024e-05,-3.345000000000000284e+01
9.657092320832702171e+03,6.940327697064319068e-02,-8.561612979798709797e-05,-3.345000000000000284e+01
9.631541370897737579e+03,6.602284654044932033e-02,-8.552004438635085813e-05,-3.345000000000000284e+01
9.608443405691254156e+03,6.830854113871381861e-02,-8.581724609848274683e-05,-3.345000000000000284e+01
9.654146382670116509e+03,7.053069281844424887e-02,-8.617557745981693708e-05,-3.345000000000000284e+01
9.655404264312322994e+03,6.753470537360717341e-02,-8.550775847947904588e-05,-3.345000000000000284e+01
9.610981241801731812e+03,6.680159963538284673e-02,-8.562855372385990988e-05,-3.345000000000000284e+01
